_RAJ2000 _DEJ2000 2MASS Jmag Hmag Kmag
100.249467 9.825809 06405987+0949329 14.527 13.954 13.698
100.258099 9.834384 06410194+0950037 14.314 13.741 13.507
100.221786 9.828828 06405322+0949437 15.51 14.845 14.445
100.222017 9.833242 06405328+0949596 16.938 15.83 14.817
100.237607 9.842743 06405702+0950338 16.216 14.784 14.253
100.228769 9.836754 06405490+0950123 14.011 13.42 13.210
100.229913 9.847176 06405517+0950498 13.074 12.424 12.230
100.241018 9.852487 06405784+0951089 13.149 12.299 11.935
100.229953 9.840231 06405518+0950248 16.272 14.475 13.441
100.236671 9.848923 06405680+0950561 15.153 14.568 14.144
100.242106 9.853742 06405810+0951134 13.869 13.197 12.938
100.240761 9.847934 06405778+0950525 17.259 15.526 15.297
100.244832 9.830368 06405875+0949493 16.653 15.916 15.322
100.186017 9.845445 06404464+0950436 15.815 14.977 14.392
100.181899 9.842361 06404365+0950324 14.058 12.991 12.645
100.200053 9.854212 06404801+0951151 15.625 15.166 14.902
100.209778 9.844196 06405034+0950391 15.372 14.836 14.410
100.199928 9.840556 06404798+0950260 14.016 13.217 12.828
100.211512 9.840371 06405076+0950253 12.22 10.895 10.222
100.228176 9.861145 06405476+0951401 17.188 15.747 15.046
100.214518 9.86548 06405148+0951557 15.261 15.025 14.465
100.218973 9.868331 06405255+0952059 12.689 11.97 11.724
100.229253 9.85702 06405502+0951252 15.775 14.58 13.925
100.214843 9.857639 06405156+0951275 15.253 14.163 13.613
100.2148 9.863736 06405155+0951494 9.376 9.47 9.429
100.232791 9.858468 06405586+0951304 13.862 13.154 12.924
100.212042 9.871216 06405089+0952163 16.174 15.307 14.940
100.213079 9.843869 06405113+0950379 14.514 13.844 13.325
100.232154 9.853848 06405571+0951138 12.872 12.197 12.012
100.214098 9.867016 06405138+0952012 15.265 14.367 13.776
100.221495 9.847253 06405315+0950501 15.033 14.425 14.145
100.222909 9.857848 06405349+0951282 16.751 16.07 15.246
100.224793 9.849459 06405395+0950580 14.273 13.607 13.458
100.217002 9.870508 06405208+0952138 13.095 12.395 12.213
100.208297 9.853535 06404999+0951127 14.878 14.237 13.938
100.203698 9.86234 06404888+0951444 9.521 9.129 8.477
100.225966 9.848278 06405423+0950538 12.562 11.91 11.717
100.21892 9.849592 06405254+0950585 14.19 13.452 13.234
100.217514 9.875322 06405220+0952311 13.733 12.987 12.741
100.164404 9.856074 06403945+0951218 16.372 15.026 14.609
100.166721 9.851304 06404001+0951046 12.881 11.585 11.079
100.168491 9.850695 06404043+0951025 14.016 13.326 13.067
100.160945 9.856821 06403862+0951245 16.372 15.545 15.140
100.174356 9.862365 06404184+0951445 12.753 11.853 10.978
100.175131 9.851321 06404203+0951047 15.528 14.606 14.204
100.158761 9.859961 06403810+0951358 15.64 15.014 14.697
100.180629 9.849875 06404335+0950595 12.568 11.953 11.725
100.175134 9.865383 06404203+0951553 16.938 16.003 15.457
100.172156 9.850659 06404131+0951023 12.806 12.024 11.713
100.192595 9.861147 06404622+0951401 14.432 13.743 13.295
100.18974 9.856413 06404553+0951230 12.007 10.835 10.367
100.187769 9.857693 06404506+0951276 14.147 13.496 13.233
100.207176 9.873407 06404972+0952242 14.188 13.408 13.099
100.208681 9.87431 06405008+0952275 13.572 13.007 12.660
100.206668 9.871493 06404960+0952173 15.156 14.468 14.184
100.19093 9.869613 06404582+0952106 15.843 14.559 14.278
100.211717 9.882655 06405081+0952575 15.184 14.464 13.956
100.211923 9.877719 06405086+0952397 15.122 14.492 14.094
100.209103 9.879705 06405018+0952469 15.36 14.399 14.088
100.205683 9.881663 06404936+0952539 15.834 14.135 12.718
100.195638 9.877944 06404695+0952405 14.749 14.057 13.413
100.19616 9.891911 06404707+0953308 15.652 15.059 14.763
100.196711 9.885884 06404721+0953091 14.607 13.909 13.769
100.207287 9.882954 06404974+0952586 14.204 13.56 13.334
100.27071 9.846135 06410497+0950460 12.244 11.539 11.090
100.271274 9.841735 06410510+0950302 15.152 14.579 14.359
100.28401 9.852748 06410816+0951098 15.426 13.226 12.088
100.284273 9.837923 06410822+0950165 17.317 0.175 0.152
100.280365 9.832395 06410728+0949566 13.653 12.983 12.756
100.278703 9.848362 06410688+0950541 15.847 15.102 14.678
100.305437 9.865122 06411330+0951544 13.996 13.334 13.075
100.29461 9.849707 06411070+0950589 16.008 14.654 14.096
100.289528 9.863905 06410948+0951500 12.338 11.634 11.407
100.317281 9.864034 06411614+0951505 15.176 13.754 13.065
100.312881 9.854978 06411509+0951179 15.487 15.047 15.016
100.319841 9.863306 06411676+0951479 16.439 16.432 15.199
100.320648 9.856242 06411695+0951224 16.81 15.255 14.461
100.326642 9.859035 06411839+0951325 15.035 13.482 12.810
100.302407 9.87533 06411257+0952311 11.494 10.686 10.205
100.24931 9.86359 06405983+0951489 13.458 12.777 12.612
100.249628 9.860715 06405991+0951385 18.139 0.124 0.130
100.246361 9.864723 06405912+0951530 14.686 14.17 13.851
100.244522 9.855434 06405868+0951195 16.745 16.225 15.463
100.27125 9.862385 06410510+0951445 12.744 12.128 11.979
100.26021 9.873611 06410245+0952249 14.167 13.516 13.274
100.260871 9.850731 06410260+0951026 14.203 13.658 13.375
100.261122 9.842475 06410266+0950329 15.189 14.632 14.284
100.259327 9.862678 06410223+0951456 14.638 14.116 13.781
100.262956 9.87187 06410310+0952187 16.954 15.869 15.009
100.259186 9.864431 06410220+0951519 11.202 10.775 10.618
100.253245 9.856203 06410077+0951223 12.191 11.596 11.404
100.268719 9.870214 06410449+0952127 14.938 14.382 14.167
100.267408 9.867225 06410417+0952020 12.772 12.149 11.946
100.268495 9.857247 06410443+0951260 12.488 11.881 11.713
100.253373 9.868767 06410080+0952075 14.031 13.119 12.632
100.256886 9.870545 06410165+0952139 17.088 15.973 15.357
100.268369 9.863919 06410440+0951501 10.737 10.3 10.145
100.260495 9.876031 06410251+0952337 16.834 15.185 14.536
100.295928 9.87486 06411102+0952294 12.881 11.108 10.241
100.274304 9.87071 06410583+0952145 16.674 15.348 14.654
100.270132 9.873735 06410483+0952254 15.115 14.51 14.281
100.288316 9.865866 06410919+0951571 15.233 14.497 14.152
100.290332 9.886699 06410967+0953121 14.797 12.771 11.788
100.288322 9.883761 06410919+0953015 13.628 12.953 12.710
100.286898 9.883647 06410885+0953011 14.066 13.228 12.764
100.274215 9.879963 06410581+0952478 12.994 12.292 12.066
100.29325 9.883849 06411038+0953018 9.877 9.868 9.808
100.293003 9.886024 06411032+0953096 15.055 14.66 UUD
100.296827 9.882133 06411123+0952556 10.167 10.221 10.225
100.30343 9.878714 06411282+0952433 12.912 12.262 12.089
100.318831 9.870331 06411651+0952131 11.676 11.422 11.364
100.334572 9.874598 06412029+0952285 15.53 14.716 14.235
100.311909 9.876206 06411485+0952343 16.772 15.931 15.477
100.339495 9.883779 06412147+0953016 15.987 15.378 15.185
100.326424 9.881126 06411834+0952520 17.042 15.243 14.741
100.32467 9.881718 06411792+0952541 14.585 13.221 12.581
100.321247 9.877923 06411709+0952405 14.065 13.348 13.211
100.354194 9.906993 06412500+0954251 17.086 15.702 15.052
100.348103 9.912687 06412354+0954456 16.933 15.785 15.703
100.344288 9.897101 06412262+0953495 13.607 13.013 12.797
100.342252 9.889488 06412214+0953221 16.514 15.507 14.847
100.343893 9.899773 06412253+0953591 16.727 16.27 15.389
100.33793 9.89116 06412110+0953281 14.085 13.542 13.278
100.330866 9.896937 06411940+0953489 15.529 14.534 14.075
100.350855 9.895265 06412420+0953429 14.636 14.091 13.718
100.286045 9.8963 06410865+0953466 15.65 15.263 14.804
100.295625 9.904619 06411095+0954166 13.836 13.369 13.320
100.29521 9.888405 06411085+0953182 13.675 13.18 12.825
100.309608 9.901256 06411430+0954045 14.756 14.157 13.932
100.297713 9.894055 06411145+0953385 13.179 11.955 11.321
100.308875 9.899178 06411413+0953570 16.313 15.193 14.646
100.32199 9.896009 06411727+0953456 15.276 14.066 13.485
100.321452 9.894392 06411714+0953398 14.254 13.532 13.330
100.344192 9.912179 06412260+0954438 16.597 15.869 15.395
100.342883 9.914449 06412229+0954520 13.482 12.373 11.929
100.33677 9.923538 06412082+0955247 15.576 14.614 13.970
100.329455 9.918262 06411906+0955057 16.596 15.74 15.371
100.335975 9.906935 06412063+0954249 15.255 14.557 14.135
100.327609 9.902073 06411862+0954074 15.993 15.53 15.109
100.313873 9.914139 06411532+0954509 14.187 13.581 13.373
100.323809 9.923893 06411771+0955260 16.598 0.139 0.162
100.317181 9.909062 06411612+0954326 16.335 15.395 15.394
100.320708 9.911906 06411696+0954428 15.747 15.002 14.549
100.321887 9.908993 06411725+0954323 12.833 12.045 11.552
100.323343 9.906593 06411760+0954237 16.689 15.825 15.197
100.315795 9.924048 06411579+0955265 15.021 13.204 12.379
100.23559 9.870881 06405654+0952151 16.694 0.143 0.126
100.236831 9.865734 06405683+0951566 14.022 13.302 13.010
100.230651 9.87109 06405535+0952159 14.165 13.583 13.249
100.235695 9.871962 06405656+0952190 16.418 0.128 0.107
100.231747 9.870156 06405561+0952125 15.056 14.488 14.218
100.227625 9.873687 06405463+0952252 15.673 14.528 13.926
100.225454 9.873486 06405410+0952245 15.336 14.883 14.334
100.250139 9.871637 06410003+0952178 9.998 10.001 9.943
100.251095 9.870848 06410026+0952150 11.019 0.046 0.043
100.246798 9.885526 06405923+0953078 12.354 11.678 11.453
100.228676 9.88677 06405488+0953123 13.918 13.086 12.397
100.242614 9.875265 06405822+0952309 16.391 15.778 15.047
100.23036 9.88042 06405528+0952495 17.083 15.911 14.996
100.242244 9.876518 06405813+0952354 15.065 14.365 14.283
100.257839 9.880014 06410188+0952480 9.254 9.23 9.204
100.252998 9.882315 06410071+0952563 16.894 15.786 15.387
100.257943 9.877631 06410190+0952394 14.481 13.593 13.180
100.245575 9.900236 06405893+0954008 10.111 10.044 9.950
100.248941 9.901754 06405974+0954063 12.951 12.278 12.100
100.244429 9.895751 06405866+0953447 5.202 5.322 5.340
100.249643 9.899112 06405991+0953568 14.189 0.196 0.224
100.277101 9.895932 06410650+0953453 14.376 13.675 13.447
100.251797 9.900984 06410043+0954035 12.99 12.331 12.120
100.251676 9.902792 06410040+0954100 16.112 15.329 14.670
100.27363 9.895774 06410567+0953447 16.576 15.425 14.812
100.272818 9.894688 06410547+0953408 15.68 15.178 14.917
100.254366 9.908367 06410104+0954301 16.258 15.35 14.458
100.255479 9.884967 06410131+0953058 15.89 14.212 13.576
100.27172 9.887719 06410521+0953157 12.472 11.821 11.641
100.269903 9.906194 06410477+0954222 16.334 15.117 14.449
100.251459 9.898128 06410035+0953532 13.885 13.168 12.945
100.262106 9.893361 06410290+0953360 13.922 13.201 12.996
100.271374 9.896583 06410512+0953476 13.828 12.753 12.092
100.268613 9.888441 06410446+0953183 12.979 12.266 11.981
100.264615 9.884614 06410350+0953046 17.614 0.125 0.151
100.261957 9.897989 06410286+0953527 13.779 13.112 12.884
100.260568 9.879864 06410253+0952475 14.563 13.99 13.640
100.258603 9.880803 06410206+0952508 10.493 10.44 10.364
100.212733 9.902127 06405105+0954076 16.775 15.922 15.201
100.204635 9.900865 06404911+0954031 14.118 13.567 13.278
100.212259 9.909133 06405094+0954328 14.297 13.219 12.801
100.211616 9.903172 06405078+0954114 16.655 0.144 0.144
100.209716 9.904407 06405033+0954158 13.028 12.403 12.105
100.220934 9.883183 06405302+0952594 13.404 12.673 12.463
100.214214 9.890094 06405141+0953243 14.687 14.077 13.881
100.213763 9.891327 06405130+0953287 15.35 14.777 14.496
100.220871 9.889906 06405300+0953236 15.343 14.702 14.305
100.228609 9.889098 06405486+0953207 15.252 14.55 14.529
100.226643 9.891445 06405439+0953292 15.494 14.841 14.658
100.232939 9.898173 06405590+0953534 13.425 12.672 12.456
100.211245 9.889099 06405069+0953207 16.58 15.753 15.129
100.199193 9.898689 06404780+0953552 11.682 11.102 10.726
100.200395 9.894265 06404809+0953393 13.497 12.899 12.726
100.206398 9.889729 06404953+0953230 10.918 10.861 10.780
100.208164 9.886296 06404995+0953106 17.344 16.135 15.343
100.235446 9.902895 06405650+0954104 10.783 10.306 10.206
100.230164 9.920506 06405523+0955138 15.051 14.455 14.275
100.237439 9.905504 06405698+0954198 14.506 13.941 13.590
100.245281 9.905993 06405886+0954215 14.916 14.366 14.232
100.239506 9.915929 06405748+0954573 14.82 14.264 14.039
100.247272 9.922276 06405934+0955201 10.653 10.064 9.701
100.24666 9.90404 06405919+0954145 13.955 13.302 13.109
100.239751 9.925801 06405754+0955328 14.603 13.584 13.077
100.242518 9.929043 06405820+0955445 13.464 12.765 12.527
100.222548 9.912136 06405341+0954436 14.888 14.223 14.248
100.24172 9.899787 06405801+0953592 11.823 0.041 0.035
100.287574 9.918544 06410901+0955067 18.201 0.126 0.146
100.301784 9.916697 06411242+0955001 14.751 14.126 13.885
100.284044 9.904361 06410817+0954156 15.034 14.47 14.278
100.273684 9.905202 06410568+0954187 12.738 12.022 11.844
100.276738 9.902974 06410641+0954107 13.188 12.54 12.313
100.26903 9.912191 06410456+0954438 9.523 9.255 8.909
100.279701 9.919143 06410712+0955089 14.178 13.173 12.575
100.276957 9.918868 06410646+0955079 15.97 14.986 14.425
100.27806 9.920584 06410673+0955141 16.398 0.128 0.185
100.294845 9.92831 06411076+0955419 17.183 14.81 UUB
100.29533 9.927321 06411087+0955383 16.583 13.938 UUA
100.288927 9.935594 06410934+0956081 11.907 10.568 10.003
100.305094 9.919081 06411322+0955086 12.279 11.571 11.328
100.307532 9.928872 06411380+0955439 11.183 10.897 10.817
100.306892 9.926967 06411365+0955370 15.995 15.24 14.895
100.316152 9.931831 06411587+0955545 15.632 14.482 13.934
100.304919 9.943105 06411318+0956351 16.272 15.21 14.406
100.299895 9.948947 06411197+0956562 15.054 14.493 14.254
100.261831 9.922831 06410283+0955221 14.561 13.927 13.615
100.257472 9.929187 06410179+0955450 15.923 0.155 0.211
100.272297 9.932296 06410535+0955562 15.259 14.655 14.379
100.270745 9.928772 06410497+0955435 17.452 0.263 0.172
100.272288 9.928302 06410534+0955418 15.051 13.129 12.219
100.257207 9.930948 06410172+0955514 13.279 12.537 12.299
100.264767 9.925567 06410354+0955320 15.609 14.402 13.961
100.25338 9.929259 06410081+0955453 17.15 15.804 15.354
100.277875 9.936448 06410669+0956112 15.273 14.66 14.372
100.26401 9.948028 06410336+0956529 13.814 13.193 13.035
100.270929 9.959874 06410502+0957355 18.369 0.204 0.148
100.280967 9.970487 06410743+0958137 17.288 0.111 0.136
100.281162 9.946859 06410747+0956486 17.077 0.079 0.060
100.294588 9.961793 06411070+0957424 13.474 12.763 12.508
100.272865 9.948177 06410548+0956534 14.408 13.775 13.615
100.287191 9.946566 06410892+0956476 15.191 14.601 14.322
100.356834 9.926423 06412564+0955351 15.443 14.75 14.607
100.347395 9.924776 06412337+0955291 16.836 15.911 15.471
100.351002 9.935896 06412424+0956092 11.979 11.451 11.137
100.350926 9.921623 06412422+0955178 16.742 15.998 15.428
100.34105 9.926049 06412185+0955337 13.515 12.541 12.137
100.358286 9.939676 06412598+0956228 15.333 14.639 14.224
100.348171 9.949387 06412356+0956577 16.304 15.245 14.885
100.335855 9.941921 06412060+0956309 16.326 15.232 14.890
100.358002 9.95689 06412592+0957248 15.779 14.889 14.732
100.358072 9.954254 06412593+0957153 13.782 13.16 12.821
100.358992 9.955943 06412615+0957213 15.915 15.335 14.923
100.310146 9.954958 06411443+0957178 16.374 15.156 14.884
100.310963 9.957306 06411463+0957263 16.892 16.347 15.285
100.329493 9.939985 06411907+0956239 14.272 13.013 12.460
100.33107 9.94274 06411945+0956338 15.944 14.84 14.423
100.325612 9.952962 06411814+0957106 16.52 15.48 15.084
100.325437 9.943295 06411810+0956358 10.332 8.95 8.370
100.320874 9.953351 06411700+0957120 10.48 10.235 10.149
100.318682 9.96047 06411648+0957376 15.396 14.28 13.921
100.319286 9.953676 06411662+0957132 14.108 13.51 13.282
100.333177 9.976612 06411996+0958358 15.707 14.787 14.358
100.333239 9.975498 06411997+0958317 14.425 0.158 UCU
100.334514 9.974885 06412028+0958295 12.877 12.258 11.925
100.357912 9.961937 06412589+0957429 16.555 15.614 14.896
100.358769 9.962757 06412610+0957459 16.799 15.891 15.323
100.349541 9.986224 06412388+0959104 16.107 14.466 0.125
100.345508 9.974446 06412292+0958280 16.474 15.479 15.136
100.348757 9.985882 06412370+0959091 15.809 14.44 0.113
100.346055 9.977887 06412305+0958403 15.096 14.449 13.969
100.339255 9.976543 06412142+0958355 11.77 11.248 11.138
100.347982 9.982926 06412351+0958585 15.876 15.234 14.916
100.34931 9.990996 06412383+0959275 14.435 13.779 13.390
100.311388 9.971356 06411473+0958168 16.839 15.573 15.076
100.291759 9.979893 06411002+0958476 17.148 15.283 14.625
100.310613 9.967756 06411454+0958039 17.148 15.937 15.607
100.303165 9.9635 06411275+0957486 16.551 15.87 15.448
100.30159 9.971072 06411238+0958158 16.278 14.777 13.979
100.314827 9.962934 06411555+0957465 15.73 14.955 14.569
100.317465 9.977417 06411619+0958387 16.57 15.56 15.232
100.331428 9.982912 06411954+0958584 16.332 14.874 14.276
100.325905 9.999215 06411821+0959571 17.194 15.851 15.639
100.327769 9.999398 06411866+0959578 16.987 16.187 15.685
100.329803 9.996004 06411915+0959456 15.405 14.541 14.055
100.313411 9.985317 06411521+0959071 16.598 15.82 15.391
100.335075 9.998671 06412041+0959552 14.305 13.584 13.226
100.314397 9.994237 06411545+0959392 17.699 15.031 UUC
100.320462 9.987743 06411691+0959158 13.693 13.035 12.825
100.344227 9.988615 06412261+0959190 16.731 15.744 15.237
100.346876 9.989818 06412325+0959233 14.707 14.041 13.643
100.33071 10.013343 06411937+1000480 14.425 13.576 13.181
100.337396 10.005407 06412097+1000194 15.096 14.548 14.289
100.333204 10.011748 06411996+1000422 15.579 14.591 14.113
100.152745 9.867564 06403665+0952032 12.733 11.759 11.101
100.155041 9.886186 06403720+0953102 14.061 13.018 12.385
100.165605 9.879721 06403974+0952469 16.076 14.457 13.699
100.161267 9.887127 06403870+0953136 16.267 14.874 14.235
100.143932 9.888824 06403454+0953197 15.363 13.883 13.201
100.184225 9.902312 06404421+0954083 16.58 15.952 15.467
100.177201 9.902591 06404252+0954093 15.198 14.583 14.171
100.177856 9.901458 06404268+0954052 15.665 15.096 14.635
100.171411 9.882367 06404113+0952565 12.533 11.774 11.250
100.175547 9.913374 06404213+0954481 15.849 14.809 14.398
100.181722 9.897047 06404361+0953493 14.222 13.485 13.075
100.184337 9.89427 06404424+0953393 13.786 13.103 12.855
100.177595 9.896588 06404262+0953477 13.506 12.83 12.691
100.171859 9.908575 06404124+0954308 12.886 11.762 11.330
100.170519 9.903003 06404092+0954108 14.82 14.09 13.724
100.172338 9.90385 06404136+0954138 11.64 10.951 10.427
100.159096 9.90323 06403818+0954116 15.45 14.368 13.777
100.136185 9.895788 06403268+0953448 17.385 0.137 0.086
100.145386 9.901996 06403489+0954071 13.74 13.051 12.813
100.141077 9.898224 06403385+0953536 16.408 0.134 0.181
100.143564 9.898162 06403445+0953533 13.162 12.228 11.701
100.142786 9.898926 06403426+0953561 13.449 12.56 12.083
100.144256 9.908001 06403462+0954288 17.661 0.24 0.150
100.151433 9.907545 06403634+0954271 16.595 14.921 13.647
100.168375 9.914262 06404041+0954513 15.782 14.672 14.275
100.151929 9.922261 06403646+0955201 15.724 14.888 14.603
100.169314 9.913581 06404063+0954488 15.357 14.453 14.147
100.156094 9.922578 06403746+0955212 13.532 12.811 12.655
100.152254 9.930756 06403654+0955507 15.02 14.524 14.304
100.154855 9.931375 06403716+0955529 14.611 14.116 13.830
100.156222 9.916072 06403749+0954578 10.53 10.216 10.139
100.157224 9.906544 06403773+0954235 16.955 0.141 0.175
100.15652 9.91168 06403756+0954420 16.665 15.768 15.209
100.129135 9.919214 06403099+0955091 16.407 0.122 0.139
100.133975 9.930969 06403215+0955514 16.411 15.624 15.668
100.138673 9.927005 06403328+0955372 13.284 12.056 11.551
100.148313 9.935767 06403559+0956087 16.768 15.653 15.281
100.132101 9.939377 06403170+0956217 16.662 15.419 14.918
100.141932 9.942507 06403406+0956330 15.209 14.457 14.143
100.142919 9.939696 06403430+0956229 15.202 14.783 14.194
100.125458 9.954747 06403010+0957170 16.521 15.349 14.878
100.184848 9.922031 06404436+0955193 13.779 12.551 12.091
100.183052 9.921356 06404393+0955168 14.249 12.941 12.469
100.215946 9.915769 06405182+0954567 16.259 14.963 14.393
100.204683 9.920276 06404912+0955129 14.135 13.309 12.927
100.197361 9.910017 06404736+0954360 16.536 15.786 15.271
100.198899 9.901662 06404773+0954059 15.989 15.102 14.719
100.194692 9.906855 06404672+0954246 12.215 11.513 11.286
100.19559 9.917694 06404694+0955036 13.34 12.604 12.224
100.188463 9.921699 06404523+0955181 16.505 15.485 15.048
100.200436 9.926923 06404810+0955369 14.702 14.121 13.709
100.205291 9.911968 06404926+0954430 14.743 14.126 13.875
100.210806 9.91593 06405059+0954573 12.466 11.688 11.276
100.207557 9.918879 06404981+0955079 15.868 14.912 14.398
100.230764 9.937337 06405538+0956144 16.613 15.719 15.191
100.227146 9.93572 06405451+0956085 11.625 10.169 9.541
100.225821 9.931103 06405419+0955519 13.695 12.936 12.757
100.226055 9.926159 06405425+0955341 14.861 14.158 13.755
100.213442 9.923155 06405122+0955233 16.142 15.008 14.692
100.211927 9.931408 06405086+0955530 12.863 12.187 11.969
100.210323 9.925221 06405047+0955307 15.707 14.911 14.561
100.217481 9.945367 06405219+0956433 14.156 13.385 13.236
100.218364 9.943497 06405240+0956365 15.413 14.239 13.878
100.220281 9.949064 06405286+0956566 16.937 15.974 15.369
100.211451 9.945069 06405074+0956422 16.27 15.093 14.540
100.225806 9.938039 06405419+0956169 15.381 14.788 14.299
100.184708 9.93049 06404432+0955497 16.21 15.705 15.225
100.186267 9.931668 06404470+0955540 15.034 14.252 13.985
100.180398 9.922094 06404329+0955195 14.892 14.261 13.975
100.176938 9.921468 06404246+0955172 14.807 14.086 13.935
100.179162 9.925236 06404299+0955308 16.423 15.687 15.521
100.185118 9.927723 06404442+0955398 14.817 14.259 13.998
100.174326 9.925848 06404183+0955330 14.027 12.447 11.740
100.171549 9.932573 06404117+0955572 16.844 15.558 14.962
100.173772 9.931137 06404170+0955520 16.27 15.042 14.805
100.173176 9.921504 06404156+0955174 13.349 12.878 12.758
100.165472 9.932065 06403971+0955554 16.91 15.895 14.798
100.160064 9.934516 06403841+0956042 16.966 15.914 15.268
100.178257 9.940516 06404278+0956258 16.448 15.539 14.996
100.175553 9.950029 06404213+0957001 15.705 15.007 14.698
100.171392 9.948042 06404113+0956529 15.744 15.3 15.063
100.172092 9.9521 06404130+0957075 15.532 14.747 14.299
100.18688 9.962293 06404485+0957442 12.262 11.566 11.423
100.186702 9.946621 06404480+0956478 16.166 15.46 15.114
100.182537 9.958314 06404380+0957299 15.404 14.676 14.538
100.19538 9.965547 06404689+0957559 15.839 15.175 15.175
100.196424 9.961864 06404714+0957427 12.923 11.917 11.531
100.195091 9.951542 06404682+0957055 14.867 14.351 14.086
100.205051 9.960768 06404921+0957387 13.574 12.738 12.369
100.204343 9.962521 06404904+0957450 13.064 12.008 11.615
100.199536 9.94687 06404788+0956487 15.919 15.145 14.722
100.198678 9.955064 06404768+0957182 14.97 14.259 14.132
100.20679 9.948102 06404962+0956531 13.486 12.981 12.819
100.208918 9.951107 06405014+0957039 13.823 13.077 12.843
100.211095 9.952755 06405066+0957099 15.538 14.999 14.698
100.194804 9.9476 06404675+0956513 15.729 14.856 14.658
100.196902 9.966428 06404725+0957591 16.408 15.698 15.714
100.237814 9.945168 06405707+0956426 14.723 14.113 13.806
100.245115 9.967156 06405882+0958017 16.569 15.674 15.271
100.247453 9.959901 06405938+0957356 14.746 14.046 13.780
100.239746 9.937954 06405753+0956166 15.726 15.07 14.980
100.239813 9.951084 06405755+0957039 16.108 15.256 14.973
100.24062 9.971198 06405774+0958163 15.438 14.44 13.969
100.245039 9.948212 06405880+0956535 14.8 14.167 13.703
100.247916 9.961401 06405949+0957410 14.876 13.89 13.478
100.240964 9.94164 06405783+0956299 11.978 11.457 11.320
100.239931 9.970193 06405758+0958126 14.059 13.296 12.823
100.232588 9.957731 06405582+0957278 15.22 14.502 14.250
100.232204 9.952131 06405572+0957076 14.749 14.052 13.809
100.228772 9.952559 06405490+0957092 15.011 14.352 14.006
100.234996 9.952323 06405639+0957083 16.512 15.516 15.118
100.25571 9.952228 06410137+0957080 16.546 15.874 15.211
100.246523 9.969612 06405916+0958106 16.525 15.43 14.732
100.251328 9.962959 06410031+0957466 16.989 16.095 15.453
100.266403 9.969294 06410393+0958094 12.99 12.314 12.064
100.263667 9.965272 06410328+0957549 13.053 12.377 12.239
100.257032 9.984411 06410168+0959038 15.004 14.375 14.254
100.256902 9.980475 06410165+0958497 17.042 16.236 15.548
100.259231 9.973348 06410221+0958240 15.839 14.587 13.989
100.257838 9.973642 06410188+0958251 16.549 15.477 14.717
100.260722 9.957417 06410257+0957267 16.666 0.043 0.033
100.2713 9.97948 06410511+0958461 16.012 15.187 14.731
100.251055 9.980456 06410025+0958496 11.846 11.361 11.198
100.215081 9.971991 06405161+0958191 15.895 14.9 14.738
100.215775 9.973366 06405178+0958241 16.436 15.401 14.936
100.223633 9.966681 06405367+0958000 13.814 13.078 12.860
100.205511 9.980949 06404932+0958514 15.241 14.486 14.270
100.209235 9.975471 06405021+0958316 15.626 15.232 14.839
100.222547 9.967142 06405341+0958017 15.552 15.007 14.673
100.247705 9.995965 06405944+0959454 12.781 12.093 11.685
100.239435 9.986929 06405746+0959129 16.865 15.713 15.461
100.239483 9.998551 06405747+0959547 17.423 0.227 0.146
100.242255 9.983304 06405814+0958598 17.046 15.85 15.009
100.236319 9.975887 06405671+0958331 15.556 14.88 14.624
100.225736 9.988287 06405417+0959178 14.483 13.738 13.351
100.227493 9.982964 06405459+0958586 15.32 14.06 13.646
100.232928 9.98119 06405590+0958522 16.483 15.247 15.112
100.161199 9.954152 06403868+0957149 15.83 15.306 15.211
100.155342 9.960575 06403728+0957380 14.61 13.981 13.740
100.139432 9.95073 06403346+0957026 14.692 14.083 13.814
100.134153 9.95613 06403219+0957220 14.751 14.033 13.757
100.157018 9.963611 06403768+0957489 13.71 13.249 13.002
100.149758 9.961409 06403594+0957410 16.564 15.531 15.474
100.147925 9.943473 06403550+0956365 14.866 14.326 13.842
100.160095 9.962638 06403842+0957454 7.858 7.403 7.331
100.168956 9.950901 06404054+0957032 14.58 14.085 13.643
100.15789 9.964294 06403789+0957514 14.719 14.377 13.998
100.16765 9.949037 06404023+0956565 16.499 15.91 14.953
100.13961 9.953924 06403350+0957141 15.117 14.607 14.210
100.144837 9.96174 06403476+0957422 13.603 13.049 12.923
100.178918 9.965644 06404294+0957563 14.468 13.794 13.588
100.164248 9.971496 06403941+0958173 16.73 15.904 15.379
100.176957 9.983638 06404246+0959010 16.611 15.78 15.291
100.178828 9.961566 06404291+0957416 17.027 15.867 15.279
100.159193 9.969149 06403820+0958089 16.331 15.329 15.213
100.178184 9.982005 06404276+0958552 15.686 15.372 14.829
100.169471 9.970906 06404067+0958152 16.603 15.539 15.296
100.185102 9.967901 06404442+0958044 16.638 15.824 15.231
100.170676 9.97467 06404096+0958288 15.866 15.234 14.852
100.17191 9.96872 06404125+0958073 16.84 15.957 15.512
100.155884 9.976353 06403741+0958348 16.33 15.709 15.547
100.181559 9.972153 06404357+0958197 14.696 13.896 13.569
100.189333 9.967785 06404543+0958040 15.955 15.272 14.815
100.19051 9.974694 06404572+0958288 14.16 13.558 13.415
100.138858 9.981377 06403332+0958529 13.616 12.888 12.706
100.126564 9.960331 06403037+0957371 16.256 15.604 15.105
100.128325 9.966536 06403079+0957595 15.777 15.105 15.015
100.135367 9.961788 06403248+0957424 15.63 15.079 14.683
100.134648 9.96958 06403231+0958104 16.094 15.279 14.838
100.133126 9.972869 06403195+0958223 14.547 14.125 14.090
100.15209 9.9738 06403650+0958256 16.566 16.101 15.363
100.163679 9.989438 06403928+0959219 13.316 12.857 12.600
100.161676 9.986735 06403880+0959122 16.706 15.742 15.018
100.135841 9.987916 06403260+0959164 16.386 16.061 15.406
100.144671 9.983221 06403472+0958595 16.266 15.48 15.046
100.144684 9.996307 06403472+0959467 14.289 13.711 13.388
100.145736 9.993165 06403497+0959353 16.597 15.928 15.937
100.142102 9.987849 06403410+0959162 15.738 15.117 15.142
100.143192 9.995007 06403436+0959420 16.208 15.666 14.791
100.153785 10.004978 06403690+1000179 16.148 15.478 15.365
100.178599 9.991449 06404286+0959292 16.231 15.739 15.738
100.186737 9.987251 06404481+0959141 16.78 16.16 15.542
100.200679 9.986623 06404816+0959118 15.52 14.88 14.534
100.191728 9.997499 06404601+0959509 15.833 15.475 14.800
100.191139 9.996124 06404587+0959460 12.289 11.492 11.150
100.19355 9.996213 06404645+0959463 13.399 12.72 12.513
100.190397 9.995163 06404569+0959425 13.089 0.071 0.080
100.1945 9.980647 06404668+0958503 16.31 15.744 15.317
100.201671 9.994237 06404840+0959392 14.713 14.132 13.812
100.202855 9.995426 06404868+0959435 15.435 14.827 UUC
100.194898 9.998347 06404677+0959540 15.095 14.666 14.434
100.194814 9.994116 06404675+0959388 14.65 14.132 14.080
100.2161 9.999519 06405186+0959582 16.598 15.762 15.184
100.234123 10.008212 06405618+1000295 16.605 15.579 15.666
100.227487 10.002212 06405459+1000079 16.11 15.342 14.867
100.22671 10.013842 06405441+1000498 15.637 15.026 14.846
100.22354 10.019098 06405364+1001087 16.273 15.816 15.042
100.219236 10.006597 06405261+1000237 16.958 15.858 15.384
100.217131 10.014064 06405211+1000506 15.572 15.118 14.721
100.226366 10.0214 06405432+1001170 15.654 14.857 14.678
100.202187 10.013243 06404852+1000476 16.25 15.62 15.233
100.213983 10.018983 06405135+1001083 16.251 15.495 14.946
100.209572 10.017871 06405029+1001043 13.423 12.751 12.495
100.170096 10.025456 06404082+1001316 15.587 15.104 14.778
100.167623 10.006579 06404022+1000236 13.725 13.241 13.009
100.167435 10.00779 06404018+1000280 15.073 14.558 14.403
100.170979 10.027298 06404103+1001382 15.679 14.866 14.633
100.173679 10.023148 06404168+1001233 15.994 0.127 UBU
100.179704 10.010061 06404312+1000362 16.961 15.964 15.950
100.177861 10.018869 06404268+1001079 16.704 15.716 15.645
100.177778 10.007224 06404266+1000260 16.329 15.638 15.142
100.175687 10.012279 06404216+1000442 15.137 14.657 14.428
100.17551 10.024082 06404212+1001266 16.35 15.801 15.312
100.185475 10.015165 06404451+1000545 15.124 14.542 14.291
100.19433 10.009641 06404663+1000347 15.745 15.311 14.948
100.190976 10.007552 06404583+1000271 14.81 14.426 14.467
100.185413 10.027951 06404449+1001406 14.77 14.333 14.113
100.176681 10.031527 06404240+1001534 13.815 12.573 AUU
100.175379 10.02854 06404209+1001427 14.552 13.895 13.698
100.176162 10.030783 06404227+1001508 14.107 12.702 AUU
100.186513 10.026795 06404476+1001364 14.813 14.185 13.891
100.193371 10.045111 06404640+1002423 15.187 14.617 14.167
100.199753 10.017428 06404794+1001027 15.01 14.658 14.397
100.190725 10.02818 06404577+1001414 16.33 15.769 15.107
100.187677 10.035632 06404504+1002082 15.176 14.573 14.200
100.199952 10.022906 06404798+1001224 13.918 13.349 13.127
100.198199 10.015939 06404756+1000573 14.096 13.46 13.234
100.197646 10.035797 06404743+1002088 16.335 15.539 15.328
100.196535 10.028953 06404716+1001442 15.702 15.244 14.963
100.213173 10.028868 06405116+1001439 8.909 8.971 8.930
100.192455 10.037216 06404618+1002139 16.373 16.07 15.645
100.206736 10.020565 06404961+1001140 16.902 15.962 16.439
100.282942 9.995267 06410790+0959429 16.88 15.167 14.255
100.280268 9.975323 06410726+0958311 12.538 11.869 11.681
100.299728 9.994797 06411193+0959412 14.205 13.516 13.324
100.28733 9.991214 06410895+0959283 15.951 14.637 13.981
100.28874 9.994073 06410929+0959386 9.294 7.623 6.951
100.312047 9.998253 06411489+0959537 15.041 14.653 14.078
100.302949 9.99573 06411270+0959446 12.246 11.067 10.623
100.31396 9.999592 06411535+0959585 16.472 0.088 0.090
100.290709 10.012308 06410977+1000443 16.221 15.188 14.720
100.295353 10.011377 06411088+1000409 11.96 11.751 11.653
100.294624 10.01026 06411070+1000369 15.151 14.402 14.030
100.303558 10.017842 06411285+1001042 16.149 15.108 14.632
100.310153 10.017456 06411443+1001028 16.694 0.171 0.143
100.308986 10.010064 06411415+1000362 15.157 13.124 12.173
100.299847 10.006919 06411196+1000249 15.426 14.909 14.486
100.308338 10.023873 06411400+1001259 16.477 15.462 14.680
100.29933 10.000848 06411183+1000030 16.668 16.048 15.554
100.316159 10.006089 06411587+1000219 15.995 15.181 14.680
100.317569 10.013403 06411621+1000482 15.221 13.9 13.356
100.3198 10.015223 06411675+1000548 15.888 14.468 13.994
100.324888 10.011565 06411797+1000416 16.364 15.371 14.746
100.312734 10.015845 06411505+1000570 16.52 15.237 14.459
100.240989 10.010018 06405783+1000360 16.196 15.443 15.179
100.256381 10.010159 06410153+1000365 12.848 12.197 12.052
100.254878 10.012623 06410117+1000454 16.36 15.245 14.675
100.262026 10.014489 06410288+1000521 16.75 15.634 15.149
100.261899 10.026547 06410285+1001355 16.343 15.611 15.399
100.263958 10.013297 06410334+1000478 15.386 14.712 14.272
100.264888 10.009828 06410357+1000353 13.423 12.809 12.531
100.272648 10.007957 06410543+1000286 14.045 12.71 12.124
100.266637 10.013475 06410399+1000485 16.221 15.034 14.743
100.260342 10.021275 06410248+1001165 16.336 15.336 15.059
100.271598 10.005271 06410518+1000189 13.052 12.449 12.185
100.269055 10.011855 06410457+1000426 13.971 13.353 13.090
100.280888 10.041773 06410741+1002303 15.414 14.956 14.489
100.280419 10.038581 06410730+1002188 15.202 14.718 14.348
100.283756 10.032281 06410810+1001562 14.893 13.993 13.419
100.272916 10.037652 06410549+1002155 14.478 13.605 13.200
100.273402 10.021349 06410561+1001168 15.041 13.93 13.500
100.279348 10.014584 06410704+1000525 16.154 15.64 15.233
100.293597 10.031107 06411046+1001519 11.514 10.379 9.939
100.289006 10.035438 06410936+1002075 16.361 15.334 14.914
100.297849 10.032797 06411148+1001580 15.566 14.944 14.507
100.286625 10.036961 06410879+1002130 15.69 14.975 14.572
100.321672 10.025609 06411720+1001321 14.897 14.106 13.621
100.31326 10.026781 06411518+1001364 11.674 10.465 9.883
100.331074 10.015251 06411945+1000549 15.999 15.03 14.475
100.291405 10.047099 06410993+1002495 14.308 13.153 12.688
100.298293 10.039877 06411159+1002235 11.984 11.392 11.277
100.227296 10.030756 06405455+1001507 10.866 9.983 9.598
100.233401 10.018334 06405601+1001060 14.785 14.031 13.748
100.231288 10.035931 06405550+1002093 16.679 15.621 15.146
100.236165 10.044365 06405667+1002397 16.475 15.748 15.295
100.237575 10.041148 06405701+1002281 15.968 15.308 15.319
100.23733 10.042701 06405695+1002337 14.7 14.069 13.822
100.244312 10.032431 06405863+1001567 15.934 15.457 15.026
100.249121 10.036842 06405978+1002126 14.66 13.816 13.502
100.246842 10.028112 06405924+1001412 16.86 15.785 15.422
100.243268 10.015129 06405838+1000544 16.769 15.976 15.128
100.238069 10.037284 06405713+1002142 18.271 0.147 0.236
100.241584 10.037865 06405798+1002163 15.216 14.746 14.274
100.250343 10.025942 06410008+1001333 16.195 15.044 14.661
100.252532 10.031984 06410060+1001551 15.222 14.319 14.183
100.249435 10.053987 06405986+1003143 16.746 0.15 UCU
100.244715 10.050029 06405873+1003001 16.622 16.173 14.910
100.257463 10.05065 06410179+1003023 15.803 15.088 14.866
100.251553 10.049001 06410037+1002564 14.962 14.331 14.109
100.252738 10.037353 06410065+1002144 14.581 13.993 13.841
100.273091 10.04546 06410554+1002436 15.87 15.222 14.863
100.270685 10.050144 06410496+1003005 15.753 15.165 14.956
100.258708 10.053234 06410208+1003116 14.771 14.098 13.828
100.252287 10.053695 06410054+1003133 14.693 14.066 13.762
100.230435 10.05554 06405530+1003199 16.854 16.494 15.554
100.226398 10.051959 06405433+1003070 16.646 15.808 16.065
100.221524 10.050722 06405316+1003025 15.233 14.488 14.143
100.218544 10.054681 06405245+1003168 16.524 15.635 15.303
100.214093 10.050844 06405138+1003030 14.493 13.827 13.689
100.210729 10.038374 06405057+1002181 16.234 15.415 15.142
100.234847 10.054673 06405636+1003168 16.08 15.533 15.110
100.243725 10.056943 06405849+1003249 14.074 13.392 13.027
100.242269 10.054304 06405814+1003154 14.956 14.179 13.868
100.240131 10.052637 06405763+1003094 15.562 15.203 15.043
100.281989 10.049634 06410767+1002586 15.306 14.8 14.486
100.144863 10.006537 06403476+1000235 15.736 15.038 14.793
100.158778 10.020889 06403810+1001152 16.234 15.925 16.299
100.154004 10.017545 06403696+1001031 15.044 14.776 14.457
100.175434 10.035646 06404210+1002083 15.187 14.571 14.334
