_RAJ2000	_DEJ2000	RAJ2000	DEJ2000	2MASS	Jmag	e_Jmag	Hmag	e_Hmag	Kmag	e_Kmag	Qflg	Rflg	Bflg	Cflg	Xflg	Aflg
100.24946700	+09.82580900	100.249467	+09.825809	06405987+0949329	14.527	0.036	13.954	0.036	13.698	0.050	AAA	222	111	sss	0	0
100.25809900	+09.83438400	100.258099	+09.834384	06410194+0950037	14.314	0.029	13.741	0.035	13.507	0.043	AAA	222	111	000	0	0
100.22178600	+09.82882800	100.221786	+09.828828	06405322+0949437	15.510	0.072	14.845	0.075	14.445	0.102	AAA	222	111	000	0	0
100.22201700	+09.83324200	100.222017	+09.833242	06405328+0949596	16.938	0.225	15.830	0.134	14.817	0.129	DBB	222	111	000	0	0
100.23760700	+09.84274300	100.237607	+09.842743	06405702+0950338	16.216	0.115	14.784	0.051	14.253	0.092	BAA	222	111	000	0	0
100.22876900	+09.83675400	100.228769	+09.836754	06405490+0950123	14.011	0.026	13.420	0.033	13.210	0.034	AAA	222	111	000	0	0
100.22991300	+09.84717600	100.229913	+09.847176	06405517+0950498	13.074	0.024	12.424	0.026	12.230	0.027	AAA	222	111	000	0	0
100.24101800	+09.85248700	100.241018	+09.852487	06405784+0951089	13.149	0.033	12.299	0.036	11.935	0.037	AAA	222	111	000	0	0
100.22995300	+09.84023100	100.229953	+09.840231	06405518+0950248	16.272	0.123	14.475	0.039	13.441	0.042	BAA	222	111	000	0	0
100.23667100	+09.84892300	100.236671	+09.848923	06405680+0950561	15.153	0.050	14.568	0.041	14.144	0.061	AAA	222	111	000	0	0
100.24210600	+09.85374200	100.242106	+09.853742	06405810+0951134	13.869	0.028	13.197	0.039	12.938	0.037	AAA	222	111	000	0	0
100.24076100	+09.84793400	100.240761	+09.847934	06405778+0950525	17.259	0.251	15.526	0.108	15.297	0.209	DAC	222	111	000	0	0
100.24483200	+09.83036800	100.244832	+09.830368	06405875+0949493	16.653	0.152	15.916	0.141	15.322	0.211	CBC	222	111	000	0	0
100.18601700	+09.84544500	100.186017	+09.845445	06404464+0950436	15.815	0.075	14.977	0.076	14.392	0.105	AAA	222	111	000	0	0
100.18189900	+09.84236100	100.181899	+09.842361	06404365+0950324	14.058	0.032	12.991	0.029	12.645	0.031	AAA	222	111	000	0	0
100.20005300	+09.85421200	100.200053	+09.854212	06404801+0951151	15.625	0.075	15.166	0.080	14.902	0.146	AAB	222	111	000	0	0
100.20977800	+09.84419600	100.209778	+09.844196	06405034+0950391	15.372	0.067	14.836	0.060	14.410	0.089	AAA	222	111	000	0	0
100.19992800	+09.84055600	100.199928	+09.840556	06404798+0950260	14.016	0.030	13.217	0.026	12.828	0.033	AAA	222	111	000	0	0
100.21151200	+09.84037100	100.211512	+09.840371	06405076+0950253	12.220	0.023	10.895	0.024	10.222	0.025	AAA	222	111	000	0	0
100.22817600	+09.86114500	100.228176	+09.861145	06405476+0951401	17.188	0.276	15.747	0.124	15.046	0.154	DBB	222	111	000	0	0
100.21451800	+09.86548000	100.214518	+09.865480	06405148+0951557	15.261	0.392	15.025	0.259	14.465	0.154	DDB	222	111	ccc	0	0
100.21897300	+09.86833100	100.218973	+09.868331	06405255+0952059	12.689	0.022	11.970	0.024	11.724	0.028	AAA	222	111	000	0	0
100.22925300	+09.85702000	100.229253	+09.857020	06405502+0951252	15.775	0.079	14.580	0.049	13.925	0.066	AAA	222	111	000	0	0
100.21484300	+09.85763900	100.214843	+09.857639	06405156+0951275	15.253	0.051	14.163	0.036	13.613	0.059	AAA	222	111	c00	0	0
100.21480000	+09.86373600	100.214800	+09.863736	06405155+0951494	9.376	0.024	9.470	0.024	9.429	0.024	AAA	222	111	000	0	0
100.23279100	+09.85846800	100.232791	+09.858468	06405586+0951304	13.862	0.026	13.154	0.024	12.924	0.031	AAA	222	111	000	0	0
100.21204200	+09.87121600	100.212042	+09.871216	06405089+0952163	16.174	0.120	15.307	0.086	14.940	0.132	BAB	222	111	c00	0	0
100.21307900	+09.84386900	100.213079	+09.843869	06405113+0950379	14.514	0.040	13.844	0.023	13.325	0.044	AAA	222	111	000	0	0
100.23215400	+09.85384800	100.232154	+09.853848	06405571+0951138	12.872	0.022	12.197	0.026	12.012	0.027	AAA	222	111	000	0	0
100.21409800	+09.86701600	100.214098	+09.867016	06405138+0952012	15.265	0.121	14.367	0.063	13.776	0.073	BAA	222	111	ccc	0	0
100.22149500	+09.84725300	100.221495	+09.847253	06405315+0950501	15.033	0.045	14.425	0.039	14.145	0.067	AAA	222	111	000	0	0
100.22290900	+09.85784800	100.222909	+09.857848	06405349+0951282	16.751	0.185	16.070	0.168	15.246	0.160	CCC	222	111	000	0	0
100.22479300	+09.84945900	100.224793	+09.849459	06405395+0950580	14.273	0.043	13.607	0.039	13.458	0.053	AAA	222	111	ccc	0	0
100.21700200	+09.87050800	100.217002	+09.870508	06405208+0952138	13.095	0.023	12.395	0.024	12.213	0.028	AAA	222	111	000	0	0
100.20829700	+09.85353500	100.208297	+09.853535	06404999+0951127	14.878	0.040	14.237	0.043	13.938	0.064	AAA	222	111	000	0	0
100.20369800	+09.86234000	100.203698	+09.862340	06404888+0951444	9.521	0.024	9.129	0.026	8.477	0.027	AAA	222	111	000	0	0
100.22596600	+09.84827800	100.225966	+09.848278	06405423+0950538	12.562	0.024	11.910	0.030	11.717	0.030	AAA	222	111	000	0	0
100.21892000	+09.84959200	100.218920	+09.849592	06405254+0950585	14.190	0.035	13.452	0.027	13.234	0.034	AAA	222	111	000	0	0
100.21751400	+09.87532200	100.217514	+09.875322	06405220+0952311	13.733	0.026	12.987	0.024	12.741	0.037	AAA	222	111	000	0	0
100.16440400	+09.85607400	100.164404	+09.856074	06403945+0951218	16.372	0.126	15.026	0.078	14.609	0.099	BAA	222	111	000	0	0
100.16672100	+09.85130400	100.166721	+09.851304	06404001+0951046	12.881	0.038	11.585	0.032	11.079	0.026	AAA	222	111	000	0	0
100.16849100	+09.85069500	100.168491	+09.850695	06404043+0951025	14.016	0.034	13.326	0.035	13.067	0.035	AAA	222	111	0cc	0	0
100.16094500	+09.85682100	100.160945	+09.856821	06403862+0951245	16.372	0.122	15.545	0.107	15.140	0.166	BAC	222	111	p00	0	0
100.17435600	+09.86236500	100.174356	+09.862365	06404184+0951445	12.753	0.033	11.853	0.039	10.978	0.042	AAE	222	111	000	0	0
100.17513100	+09.85132100	100.175131	+09.851321	06404203+0951047	15.528	0.068	14.606	0.044	14.204	0.077	AAA	222	111	000	0	0
100.15876100	+09.85996100	100.158761	+09.859961	06403810+0951358	15.640	0.072	15.014	0.071	14.697	0.114	AAB	222	111	000	0	0
100.18062900	+09.84987500	100.180629	+09.849875	06404335+0950595	12.568	0.028	11.953	0.026	11.725	0.028	AAA	222	111	000	0	0
100.17513400	+09.86538300	100.175134	+09.865383	06404203+0951553	16.938	0.231	16.003	0.195	15.457	0.221	DCD	222	111	ccc	0	0
100.17215600	+09.85065900	100.172156	+09.850659	06404131+0951023	12.806	0.027	12.024	0.024	11.713	0.021	AAA	222	111	000	0	0
100.19259500	+09.86114700	100.192595	+09.861147	06404622+0951401	14.432	0.036	13.743	0.035	13.295	0.046	AAA	222	111	000	0	0
100.18974000	+09.85641300	100.189740	+09.856413	06404553+0951230	12.007	0.023	10.835	0.026	10.367	0.028	AAA	222	111	000	0	0
100.18776900	+09.85769300	100.187769	+09.857693	06404506+0951276	14.147	0.044	13.496	0.052	13.233	0.055	AAA	222	111	0cc	0	0
100.20717600	+09.87340700	100.207176	+09.873407	06404972+0952242	14.188	0.050	13.408	0.049	13.099	0.057	AAA	222	111	000	0	0
100.20868100	+09.87431000	100.208681	+09.874310	06405008+0952275	13.572	0.036	13.007	0.039	12.660	0.046	AAA	222	111	000	0	0
100.20666800	+09.87149300	100.206668	+09.871493	06404960+0952173	15.156	0.046	14.468	0.056	14.184	0.074	AAA	222	111	000	0	0
100.19093000	+09.86961300	100.190930	+09.869613	06404582+0952106	15.843	0.100	14.559	0.051	14.278	0.071	AAA	222	111	000	0	0
100.21171700	+09.88265500	100.211717	+09.882655	06405081+0952575	15.184	0.054	14.464	0.044	13.956	0.056	AAA	222	111	000	0	0
100.21192300	+09.87771900	100.211923	+09.877719	06405086+0952397	15.122	0.051	14.492	0.044	14.094	0.069	AAA	222	111	000	0	0
100.20910300	+09.87970500	100.209103	+09.879705	06405018+0952469	15.360	0.053	14.399	0.032	14.088	0.065	AAA	222	111	000	0	0
100.20568300	+09.88166300	100.205683	+09.881663	06404936+0952539	15.834	0.092	14.135	0.039	12.718	0.037	AAA	222	111	000	0	0
100.19563800	+09.87794400	100.195638	+09.877944	06404695+0952405	14.749	0.043	14.057	0.048	13.413	0.052	AAA	222	111	000	0	0
100.19616000	+09.89191100	100.196160	+09.891911	06404707+0953308	15.652	0.071	15.059	0.088	14.763	0.120	AAB	222	111	000	0	0
100.19671100	+09.88588400	100.196711	+09.885884	06404721+0953091	14.607	0.040	13.909	0.032	13.769	0.044	AAA	222	111	000	0	0
100.20728700	+09.88295400	100.207287	+09.882954	06404974+0952586	14.204	0.032	13.560	0.032	13.334	0.046	AAA	222	111	000	0	0
100.27071000	+09.84613500	100.270710	+09.846135	06410497+0950460	12.244	0.024	11.539	0.026	11.090	0.031	AAA	222	111	000	0	0
100.27127400	+09.84173500	100.271274	+09.841735	06410510+0950302	15.152	0.053	14.579	0.050	14.359	0.089	AAA	222	111	000	0	0
100.28401000	+09.85274800	100.284010	+09.852748	06410816+0951098	15.426	0.053	13.226	0.023	12.088	0.033	AAA	222	111	000	0	0
100.28427300	+09.83792300	100.284273	+09.837923	06410822+0950165	17.317		16.119	0.175	15.214	0.152	UCC	22	11	000	0	0
100.28036500	+09.83239500	100.280365	+09.832395	06410728+0949566	13.653	0.026	12.983	0.026	12.756	0.030	AAA	222	111	000	0	0
100.27870300	+09.84836200	100.278703	+09.848362	06410688+0950541	15.847	0.077	15.102	0.067	14.678	0.106	AAB	222	111	000	0	0
100.30543700	+09.86512200	100.305437	+09.865122	06411330+0951544	13.996	0.033	13.334	0.029	13.075	0.036	AAA	222	111	000	0	0
100.29461000	+09.84970700	100.294610	+09.849707	06411070+0950589	16.008	0.090	14.654	0.049	14.096	0.061	AAA	222	111	000	0	0
100.28952800	+09.86390500	100.289528	+09.863905	06410948+0951500	12.338	0.023	11.634	0.026	11.407	0.027	AAA	222	111	000	0	0
100.31728100	+09.86403400	100.317281	+09.864034	06411614+0951505	15.176	0.056	13.754	0.030	13.065	0.032	AAA	222	111	000	0	0
100.31288100	+09.85497800	100.312881	+09.854978	06411509+0951179	15.487	0.067	15.047	0.072	15.016	0.147	AAB	222	111	000	0	0
100.31984100	+09.86330600	100.319841	+09.863306	06411676+0951479	16.439	0.152	16.432	0.242	15.199	0.174	BDC	222	111	000	0	0
100.32064800	+09.85624200	100.320648	+09.856242	06411695+0951224	16.810	0.199	15.255	0.078	14.461	0.085	CAA	222	111	000	0	0
100.32664200	+09.85903500	100.326642	+09.859035	06411839+0951325	15.035	0.051	13.482	0.032	12.810	0.026	AAA	222	111	000	0	0
100.30240700	+09.87533000	100.302407	+09.875330	06411257+0952311	11.494	0.026	10.686	0.026	10.205	0.026	AAA	222	111	000	0	0
100.24931000	+09.86359000	100.249310	+09.863590	06405983+0951489	13.458	0.024	12.777	0.027	12.612	0.034	AAA	222	111	000	0	0
100.24962800	+09.86071500	100.249628	+09.860715	06405991+0951385	18.139		15.677	0.124	14.871	0.130	UBB	22	11	000	0	0
100.24636100	+09.86472300	100.246361	+09.864723	06405912+0951530	14.686	0.030	14.170	0.039	13.851	0.051	AAA	222	111	000	0	0
100.24452200	+09.85543400	100.244522	+09.855434	06405868+0951195	16.745	0.180	16.225	0.206	15.463	0.195	CCD	222	111	p00	0	0
100.27125000	+09.86238500	100.271250	+09.862385	06410510+0951445	12.744	0.023	12.128	0.026	11.979	0.025	AAA	222	111	000	0	0
100.26021000	+09.87361100	100.260210	+09.873611	06410245+0952249	14.167	0.026	13.516	0.023	13.274	0.030	AAA	222	111	000	0	0
100.26087100	+09.85073100	100.260871	+09.850731	06410260+0951026	14.203	0.033	13.658	0.044	13.375	0.042	AAA	222	111	000	0	0
100.26112200	+09.84247500	100.261122	+09.842475	06410266+0950329	15.189	0.047	14.632	0.049	14.284	0.085	AAA	222	111	000	0	0
100.25932700	+09.86267800	100.259327	+09.862678	06410223+0951456	14.638	0.050	14.116	0.063	13.781	0.084	AAA	222	111	ccc	0	0
100.26295600	+09.87187000	100.262956	+09.871870	06410310+0952187	16.954	0.202	15.869	0.148	15.009	0.135	DBB	222	111	c00	0	0
100.25918600	+09.86443100	100.259186	+09.864431	06410220+0951519	11.202	0.024	10.775	0.027	10.618	0.025	AAA	222	111	000	0	0
100.25324500	+09.85620300	100.253245	+09.856203	06410077+0951223	12.191	0.026	11.596	0.026	11.404	0.030	AAA	222	111	000	0	0
100.26871900	+09.87021400	100.268719	+09.870214	06410449+0952127	14.938	0.040	14.382	0.045	14.167	0.067	AAA	222	111	000	0	0
100.26740800	+09.86722500	100.267408	+09.867225	06410417+0952020	12.772	0.029	12.149	0.033	11.946	0.033	AAA	222	111	000	0	0
100.26849500	+09.85724700	100.268495	+09.857247	06410443+0951260	12.488	0.023	11.881	0.024	11.713	0.030	AAA	222	111	000	0	0
100.25337300	+09.86876700	100.253373	+09.868767	06410080+0952075	14.031	0.022	13.119	0.023	12.632	0.027	AAA	222	111	000	0	0
100.25688600	+09.87054500	100.256886	+09.870545	06410165+0952139	17.088	0.250	15.973	0.163	15.357	0.191	DCC	222	111	c00	0	0
100.26836900	+09.86391900	100.268369	+09.863919	06410440+0951501	10.737	0.023	10.300	0.024	10.145	0.027	AAA	222	111	000	0	0
100.26049500	+09.87603100	100.260495	+09.876031	06410251+0952337	16.834	0.205	15.185	0.071	14.536	0.100	CAA	222	111	ccc	0	0
100.29592800	+09.87486000	100.295928	+09.874860	06411102+0952294	12.881	0.024	11.108	0.026	10.241	0.027	AAA	222	111	000	0	0
100.27430400	+09.87071000	100.274304	+09.870710	06410583+0952145	16.674	0.150	15.348	0.085	14.654	0.097	CAA	222	111	000	0	0
100.27013200	+09.87373500	100.270132	+09.873735	06410483+0952254	15.115	0.044	14.510	0.044	14.281	0.080	AAA	222	111	000	0	0
100.28831600	+09.86586600	100.288316	+09.865866	06410919+0951571	15.233	0.061	14.497	0.062	14.152	0.095	AAA	222	111	ccc	0	0
100.29033200	+09.88669900	100.290332	+09.886699	06410967+0953121	14.797	0.039	12.771	0.024	11.788	0.025	AAA	222	111	c00	0	0
100.28832200	+09.88376100	100.288322	+09.883761	06410919+0953015	13.628	0.046	12.953	0.056	12.710	0.030	AAA	222	111	000	0	0
100.28689800	+09.88364700	100.286898	+09.883647	06410885+0953011	14.066	0.032	13.228	0.030	12.764	0.072	AAA	222	111	c00	0	0
100.27421500	+09.87996300	100.274215	+09.879963	06410581+0952478	12.994	0.023	12.292	0.024	12.066	0.025	AAA	222	111	000	0	0
100.29325000	+09.88384900	100.293250	+09.883849	06411038+0953018	9.877	0.023	9.868	0.023	9.808	0.022	AAA	222	111	000	0	0
100.29300300	+09.88602400	100.293003	+09.886024	06411032+0953096	15.055		15.172		14.660	0.612	UUD	2	1	00c	0	0
100.29682700	+09.88213300	100.296827	+09.882133	06411123+0952556	10.167	0.026	10.221	0.026	10.225	0.026	AAA	222	111	000	0	0
100.30343000	+09.87871400	100.303430	+09.878714	06411282+0952433	12.912	0.028	12.262	0.026	12.089	0.032	AAA	222	111	000	0	0
100.31883100	+09.87033100	100.318831	+09.870331	06411651+0952131	11.676	0.024	11.422	0.027	11.364	0.026	AAA	222	111	000	0	0
100.33457200	+09.87459800	100.334572	+09.874598	06412029+0952285	15.530	0.068	14.716	0.063	14.235	0.076	AAA	222	111	000	0	0
100.31190900	+09.87620600	100.311909	+09.876206	06411485+0952343	16.772	0.200	15.931	0.163	15.477		CCU	220	110	000	0	0
100.33949500	+09.88377900	100.339495	+09.883779	06412147+0953016	15.987	0.106	15.378	0.103	15.185	0.183	AAC	222	111	000	0	0
100.32642400	+09.88112600	100.326424	+09.881126	06411834+0952520	17.042	0.249	15.243	0.089	14.741	0.110	DAB	222	111	ccc	0	0
100.32467000	+09.88171800	100.324670	+09.881718	06411792+0952541	14.585	0.044	13.221	0.036	12.581	0.027	AAA	222	111	000	0	0
100.32124700	+09.87792300	100.321247	+09.877923	06411709+0952405	14.065	0.029	13.348	0.030	13.211	0.034	AAA	222	111	000	0	0
100.35419400	+09.90699300	100.354194	+09.906993	06412500+0954251	17.086	0.234	15.702	0.138	15.052		DBU	220	110	000	0	0
100.34810300	+09.91268700	100.348103	+09.912687	06412354+0954456	16.933	0.214	15.785	0.132	15.703	0.260	DBD	222	111	000	0	0
100.34428800	+09.89710100	100.344288	+09.897101	06412262+0953495	13.607	0.024	13.013	0.024	12.797	0.027	AAA	222	111	000	0	0
100.34225200	+09.88948800	100.342252	+09.889488	06412214+0953221	16.514	0.164	15.507	0.108	14.847	0.145	CAB	222	111	000	0	0
100.34389300	+09.89977300	100.343893	+09.899773	06412253+0953591	16.727	0.213	16.270	0.200	15.389	0.196	CCC	222	111	cc0	0	0
100.33793000	+09.89116000	100.337930	+09.891160	06412110+0953281	14.085	0.029	13.542	0.036	13.278	0.043	AAA	222	111	000	0	0
100.33086600	+09.89693700	100.330866	+09.896937	06411940+0953489	15.529	0.062	14.534	0.041	14.075	0.061	AAA	222	111	000	0	0
100.35085500	+09.89526500	100.350855	+09.895265	06412420+0953429	14.636	0.040	14.091	0.040	13.718	0.045	AAA	222	111	000	0	0
100.28604500	+09.89630000	100.286045	+09.896300	06410865+0953466	15.650	0.095	15.263	0.089	14.804	0.123	AAB	222	111	sss	0	0
100.29562500	+09.90461900	100.295625	+09.904619	06411095+0954166	13.836	0.032	13.369	0.030	13.320	0.045	AAA	222	111	000	0	0
100.29521000	+09.88840500	100.295210	+09.888405	06411085+0953182	13.675	0.026	13.180	0.026	12.825	0.037	AAA	222	111	000	0	0
100.30960800	+09.90125600	100.309608	+09.901256	06411430+0954045	14.756	0.044	14.157	0.037	13.932	0.057	AAA	222	111	000	0	0
100.29771300	+09.89405500	100.297713	+09.894055	06411145+0953385	13.179	0.026	11.955	0.029	11.321	0.027	AAA	222	111	000	0	0
100.30887500	+09.89917800	100.308875	+09.899178	06411413+0953570	16.313	0.144	15.193	0.073	14.646	0.089	BAA	222	111	000	0	0
100.32199000	+09.89600900	100.321990	+09.896009	06411727+0953456	15.276	0.060	14.066	0.040	13.485	0.042	AAA	222	111	c00	0	0
100.32145200	+09.89439200	100.321452	+09.894392	06411714+0953398	14.254	0.044	13.532	0.043	13.330	0.042	AAA	222	111	000	0	0
100.34419200	+09.91217900	100.344192	+09.912179	06412260+0954438	16.597	0.185	15.869	0.148	15.395	0.209	CBC	222	111	ccc	0	0
100.34288300	+09.91444900	100.342883	+09.914449	06412229+0954520	13.482	0.026	12.373	0.027	11.929	0.024	AAA	222	111	000	0	0
100.33677000	+09.92353800	100.336770	+09.923538	06412082+0955247	15.576	0.075	14.614	0.051	13.970	0.066	AAA	222	111	000	0	0
100.32945500	+09.91826200	100.329455	+09.918262	06411906+0955057	16.596	0.176	15.740	0.138	15.371		CBU	220	110	000	0	0
100.33597500	+09.90693500	100.335975	+09.906935	06412063+0954249	15.255	0.061	14.557	0.058	14.135	0.075	AAA	222	111	000	0	0
100.32760900	+09.90207300	100.327609	+09.902073	06411862+0954074	15.993	0.104	15.530	0.111	15.109	0.165	ABC	222	111	000	0	0
100.31387300	+09.91413900	100.313873	+09.914139	06411532+0954509	14.187	0.036	13.581	0.027	13.373	0.043	AAA	222	111	000	0	0
100.32380900	+09.92389300	100.323809	+09.923893	06411771+0955260	16.598		15.876	0.139	14.931	0.162	UBC	22	11	000	0	0
100.31718100	+09.90906200	100.317181	+09.909062	06411612+0954326	16.335	0.147	15.395	0.093	15.394	0.197	BAC	222	111	000	0	0
100.32070800	+09.91190600	100.320708	+09.911906	06411696+0954428	15.747	0.103	15.002	0.076	14.549	0.095	AAA	222	111	000	0	0
100.32188700	+09.90899300	100.321887	+09.908993	06411725+0954323	12.833	0.024	12.045	0.027	11.552	0.024	AAA	222	111	000	0	0
100.32334300	+09.90659300	100.323343	+09.906593	06411760+0954237	16.689	0.174	15.825	0.148	15.197	0.175	CBC	222	111	ccc	0	0
100.31579500	+09.92404800	100.315795	+09.924048	06411579+0955265	15.021	0.052	13.204	0.032	12.379	0.030	AAA	222	111	000	0	0
100.23559000	+09.87088100	100.235590	+09.870881	06405654+0952151	16.694		15.831	0.143	14.923	0.126	UBB	22	12	0cc	0	0
100.23683100	+09.86573400	100.236831	+09.865734	06405683+0951566	14.022	0.029	13.302	0.023	13.010	0.038	AAA	222	111	000	0	0
100.23065100	+09.87109000	100.230651	+09.871090	06405535+0952159	14.165	0.046	13.583	0.052	13.249	0.053	AAA	222	111	000	0	0
100.23569500	+09.87196200	100.235695	+09.871962	06405656+0952190	16.418		15.635	0.128	14.600	0.107	UBA	622	12	00c	0	0
100.23174700	+09.87015600	100.231747	+09.870156	06405561+0952125	15.056	0.046	14.488	0.052	14.218	0.072	AAA	222	111	ccc	0	0
100.22762500	+09.87368700	100.227625	+09.873687	06405463+0952252	15.673	0.076	14.528	0.048	13.926	0.064	AAA	222	111	000	0	0
100.22545400	+09.87348600	100.225454	+09.873486	06405410+0952245	15.336	0.067	14.883	0.064	14.334	0.084	AAA	222	111	000	0	0
100.25013900	+09.87163700	100.250139	+09.871637	06410003+0952178	9.998	0.024	10.001	0.032	9.943	0.030	AAA	222	111	000	0	0
100.25109500	+09.87084800	100.251095	+09.870848	06410026+0952150	11.019		12.420	0.046	12.189	0.043	UAA	22	11	0cc	0	0
100.24679800	+09.88552600	100.246798	+09.885526	06405923+0953078	12.354	0.023	11.678	0.029	11.453	0.027	AAA	222	111	000	0	0
100.22867600	+09.88677000	100.228676	+09.886770	06405488+0953123	13.918	0.030	13.086	0.032	12.397	0.034	AAA	222	111	000	0	0
100.24261400	+09.87526500	100.242614	+09.875265	06405822+0952309	16.391	0.153	15.778	0.128	15.047	0.159	BBC	222	111	ccc	0	0
100.23036000	+09.88042000	100.230360	+09.880420	06405528+0952495	17.083	0.244	15.911	0.148	14.996		DBU	220	110	c00	0	0
100.24224400	+09.87651800	100.242244	+09.876518	06405813+0952354	15.065	0.053	14.365	0.056	14.283	0.090	AAA	222	111	00c	0	0
100.25783900	+09.88001400	100.257839	+09.880014	06410188+0952480	9.254	0.040	9.230	0.043	9.204	0.043	AEA	222	212	c0c	0	0
100.25299800	+09.88231500	100.252998	+09.882315	06410071+0952563	16.894	0.211	15.786	0.143	15.387	0.191	DBC	222	111	ccc	0	0
100.25794300	+09.87763100	100.257943	+09.877631	06410190+0952394	14.481	0.070	13.593	0.056	13.180	0.050	AAA	222	111	ccc	0	0
100.24557500	+09.90023600	100.245575	+09.900236	06405893+0954008	10.111	0.026	10.044	0.035	9.950	0.030	AAA	122	111	c00	0	0
100.24894100	+09.90175400	100.248941	+09.901754	06405974+0954063	12.951	0.047	12.278	0.040	12.100	0.038	AEE	222	111	ccc	0	0
100.24442900	+09.89575100	100.244429	+09.895751	06405866+0953447	5.202	0.023	5.322	0.021	5.340	0.021	AAA	111	111	d00	0	0
100.24964300	+09.89911200	100.249643	+09.899112	06405991+0953568	14.189		15.793	0.196	15.511	0.224	UCD	22	11	0cc	0	0
100.27710100	+09.89593200	100.277101	+09.895932	06410650+0953453	14.376	0.036	13.675	0.037	13.447	0.042	AAA	222	111	sss	0	0
100.25179700	+09.90098400	100.251797	+09.900984	06410043+0954035	12.990	0.022	12.331	0.026	12.120	0.021	AAA	222	111	c00	0	0
100.25167600	+09.90279200	100.251676	+09.902792	06410040+0954100	16.112	0.121	15.329	0.088	14.670	0.118	BAB	222	111	ccc	0	0
100.27363000	+09.89577400	100.273630	+09.895774	06410567+0953447	16.576	0.157	15.425	0.110	14.812	0.125	CBB	222	111	ccc	0	0
100.27281800	+09.89468800	100.272818	+09.894688	06410547+0953408	15.680	0.088	15.178	0.105	14.917	0.152	AAB	222	111	ssc	0	0
100.25436600	+09.90836700	100.254366	+09.908367	06410104+0954301	16.258	0.120	15.350	0.084	14.458	0.097	BAA	222	111	cc0	0	0
100.25547900	+09.88496700	100.255479	+09.884967	06410131+0953058	15.890	0.082	14.212	0.030	13.576	0.049	AAA	222	111	c00	0	0
100.27172000	+09.88771900	100.271720	+09.887719	06410521+0953157	12.472	0.022	11.821	0.024	11.641	0.028	AAA	222	111	000	0	0
100.26990300	+09.90619400	100.269903	+09.906194	06410477+0954222	16.334	0.112	15.117	0.063	14.449	0.084	BAA	222	111	c00	0	0
100.25145900	+09.89812800	100.251459	+09.898128	06410035+0953532	13.885	0.029	13.168	0.029	12.945	0.031	AAA	222	111	ccc	0	0
100.26210600	+09.89336100	100.262106	+09.893361	06410290+0953360	13.922	0.029	13.201	0.029	12.996	0.046	AAA	222	111	000	0	0
100.27137400	+09.89658300	100.271374	+09.896583	06410512+0953476	13.828	0.040	12.753	0.035	12.092	0.034	AAA	222	111	sss	0	0
100.26861300	+09.88844100	100.268613	+09.888441	06410446+0953183	12.979	0.028	12.266	0.027	11.981	0.034	AAA	222	111	000	0	0
100.26461500	+09.88461400	100.264615	+09.884614	06410350+0953046	17.614		15.630	0.125	15.041	0.151	UBB	22	11	000	0	0
100.26195700	+09.89798900	100.261957	+09.897989	06410286+0953527	13.779	0.023	13.112	0.026	12.884	0.031	AAA	222	111	000	0	0
100.26056800	+09.87986400	100.260568	+09.879864	06410253+0952475	14.563	0.056	13.990	0.046	13.640	0.060	AAA	222	111	ccc	0	0
100.25860300	+09.88080300	100.258603	+09.880803	06410206+0952508	10.493	0.032	10.440	0.033	10.364	0.035	AAA	222	212	ccc	0	0
100.21273300	+09.90212700	100.212733	+09.902127	06405105+0954076	16.775	0.200	15.922	0.141	15.201	0.173	CBC	222	111	000	0	0
100.20463500	+09.90086500	100.204635	+09.900865	06404911+0954031	14.118	0.023	13.567	0.027	13.278	0.043	AAA	222	111	000	0	0
100.21225900	+09.90913300	100.212259	+09.909133	06405094+0954328	14.297	0.041	13.219	0.035	12.801	0.042	AAA	222	111	000	0	0
100.21161600	+09.90317200	100.211616	+09.903172	06405078+0954114	16.655		15.670	0.144	14.923	0.144	UBB	22	11	0cc	0	0
100.20971600	+09.90440700	100.209716	+09.904407	06405033+0954158	13.028	0.026	12.403	0.024	12.105	0.028	AAA	222	111	000	0	0
100.22093400	+09.88318300	100.220934	+09.883183	06405302+0952594	13.404	0.024	12.673	0.027	12.463	0.027	AAA	222	111	000	0	0
100.21421400	+09.89009400	100.214214	+09.890094	06405141+0953243	14.687	0.044	14.077	0.045	13.881	0.060	AAA	222	111	000	0	0
100.21376300	+09.89132700	100.213763	+09.891327	06405130+0953287	15.350	0.053	14.777	0.059	14.496	0.087	AAA	222	111	ccc	0	0
100.22087100	+09.88990600	100.220871	+09.889906	06405300+0953236	15.343	0.065	14.702	0.054	14.305	0.083	AAA	222	111	000	0	0
100.22860900	+09.88909800	100.228609	+09.889098	06405486+0953207	15.252	0.056	14.550	0.054	14.529	0.112	AAB	222	111	c00	0	0
100.22664300	+09.89144500	100.226643	+09.891445	06405439+0953292	15.494	0.053	14.841	0.052	14.658	0.093	AAA	222	111	c00	0	0
100.23293900	+09.89817300	100.232939	+09.898173	06405590+0953534	13.425	0.022	12.672	0.024	12.456	0.028	AAA	222	111	c00	0	0
100.21124500	+09.88909900	100.211245	+09.889099	06405069+0953207	16.580	0.161	15.753	0.128	15.129	0.162	CBC	222	111	cc0	0	0
100.19919300	+09.89868900	100.199193	+09.898689	06404780+0953552	11.682	0.023	11.102	0.023	10.726	0.025	AAA	222	111	000	0	0
100.20039500	+09.89426500	100.200395	+09.894265	06404809+0953393	13.497	0.026	12.899	0.027	12.726	0.031	AAA	222	111	000	0	0
100.20639800	+09.88972900	100.206398	+09.889729	06404953+0953230	10.918	0.023	10.861	0.024	10.780	0.024	AAA	222	111	000	0	0
100.20816400	+09.88629600	100.208164	+09.886296	06404995+0953106	17.344	0.373	16.135	0.174	15.343	0.202	DCC	222	111	ccc	0	0
100.23544600	+09.90289500	100.235446	+09.902895	06405650+0954104	10.783	0.022	10.306	0.024	10.206	0.025	AAA	222	111	000	0	0
100.23016400	+09.92050600	100.230164	+09.920506	06405523+0955138	15.051	0.044	14.455	0.045	14.275	0.073	AAA	222	111	000	0	0
100.23743900	+09.90550400	100.237439	+09.905504	06405698+0954198	14.506	0.036	13.941	0.035	13.590	0.049	AAA	222	111	c00	0	0
100.24528100	+09.90599300	100.245281	+09.905993	06405886+0954215	14.916	0.072	14.366	0.071	14.232	0.093	AAA	222	111	ccc	0	0
100.23950600	+09.91592900	100.239506	+09.915929	06405748+0954573	14.820	0.035	14.264	0.043	14.039	0.065	AAA	222	111	000	0	0
100.24727200	+09.92227600	100.247272	+09.922276	06405934+0955201	10.653	0.023	10.064	0.024	9.701	0.024	AAA	222	111	000	0	0
100.24666000	+09.90404000	100.246660	+09.904040	06405919+0954145	13.955	0.049	13.302	0.024	13.109	0.038	AAA	222	111	ccc	0	0
100.23975100	+09.92580100	100.239751	+09.925801	06405754+0955328	14.603	0.037	13.584	0.030	13.077	0.035	AAA	222	111	000	0	0
100.24251800	+09.92904300	100.242518	+09.929043	06405820+0955445	13.464	0.024	12.765	0.027	12.527	0.025	AAA	222	111	000	0	0
100.22254800	+09.91213600	100.222548	+09.912136	06405341+0954436	14.888	0.045	14.223	0.039	14.248	0.077	AAA	222	111	000	0	0
100.24172000	+09.89978700	100.241720	+09.899787	06405801+0953592	11.823		11.726	0.041	11.532	0.035	UAA	22	11	0cc	0	0
100.28757400	+09.91854400	100.287574	+09.918544	06410901+0955067	18.201		15.731	0.126	14.992	0.146	UBB	22	11	000	0	0
100.30178400	+09.91669700	100.301784	+09.916697	06411242+0955001	14.751	0.040	14.126	0.041	13.885	0.058	AAA	222	111	000	0	0
100.28404400	+09.90436100	100.284044	+09.904361	06410817+0954156	15.034	0.045	14.470	0.043	14.278	0.087	AAA	222	111	000	0	0
100.27368400	+09.90520200	100.273684	+09.905202	06410568+0954187	12.738	0.022	12.022	0.026	11.844	0.024	AAA	222	111	000	0	0
100.27673800	+09.90297400	100.276738	+09.902974	06410641+0954107	13.188	0.023	12.540	0.027	12.313	0.034	AAA	222	111	000	0	0
100.26903000	+09.91219100	100.269030	+09.912191	06410456+0954438	9.523	0.022	9.255	0.023	8.909	0.027	AAA	222	111	000	0	0
100.27970100	+09.91914300	100.279701	+09.919143	06410712+0955089	14.178	0.032	13.173	0.026	12.575	0.033	AAA	222	111	000	0	0
100.27695700	+09.91886800	100.276957	+09.918868	06410646+0955079	15.970	0.084	14.986	0.057	14.425	0.077	AAA	222	111	000	0	0
100.27806000	+09.92058400	100.278060	+09.920584	06410673+0955141	16.398		15.830	0.128	15.336	0.185	UBC	22	11	0cc	0	0
100.29484500	+09.92831000	100.294845	+09.928310	06411076+0955419	17.183		15.245		14.810	0.122	UUB	662	2	00c	0	0
100.29533000	+09.92732100	100.295330	+09.927321	06411087+0955383	16.583		14.785		13.938	0.065	UUA	662	2	00c	0	0
100.28892700	+09.93559400	100.288927	+09.935594	06410934+0956081	11.907	0.029	10.568	0.029	10.003	0.027	AAA	222	111	000	0	0
100.30509400	+09.91908100	100.305094	+09.919081	06411322+0955086	12.279	0.030	11.571	0.033	11.328	0.030	AAA	222	111	000	0	0
100.30753200	+09.92887200	100.307532	+09.928872	06411380+0955439	11.183	0.024	10.897	0.026	10.817	0.027	AAA	222	111	000	0	0
100.30689200	+09.92696700	100.306892	+09.926967	06411365+0955370	15.995	0.118	15.240	0.140	14.895	0.172	BBC	222	111	ccc	0	0
100.31615200	+09.93183100	100.316152	+09.931831	06411587+0955545	15.632	0.073	14.482	0.050	13.934	0.057	AAA	222	111	000	0	0
100.30491900	+09.94310500	100.304919	+09.943105	06411318+0956351	16.272	0.145	15.210	0.087	14.406	0.084	BAA	222	111	pp0	0	0
100.29989500	+09.94894700	100.299895	+09.948947	06411197+0956562	15.054	0.051	14.493	0.045	14.254	0.080	AAA	222	111	000	0	0
100.26183100	+09.92283100	100.261831	+09.922831	06410283+0955221	14.561	0.035	13.927	0.029	13.615	0.046	AAA	222	111	000	0	0
100.25747200	+09.92918700	100.257472	+09.929187	06410179+0955450	15.923		15.928	0.155	15.436	0.211	UCD	22	11	0cc	0	0
100.27229700	+09.93229600	100.272297	+09.932296	06410535+0955562	15.259	0.049	14.655	0.055	14.379	0.108	AAA	222	111	000	0	0
100.27074500	+09.92877200	100.270745	+09.928772	06410497+0955435	17.452		16.635	0.263	14.975	0.172	UDC	22	11	0cc	0	0
100.27228800	+09.92830200	100.272288	+09.928302	06410534+0955418	15.051	0.046	13.129	0.027	12.219	0.028	AAA	222	111	000	0	0
100.25720700	+09.93094800	100.257207	+09.930948	06410172+0955514	13.279	0.028	12.537	0.027	12.299	0.030	AAA	222	111	000	0	0
100.26476700	+09.92556700	100.264767	+09.925567	06410354+0955320	15.609	0.064	14.402	0.039	13.961	0.056	AAA	222	111	000	0	0
100.25338000	+09.92925900	100.253380	+09.929259	06410081+0955453	17.150	0.241	15.804	0.139	15.354	0.191	DBC	222	111	000	0	0
100.27787500	+09.93644800	100.277875	+09.936448	06410669+0956112	15.273	0.060	14.660	0.058	14.372	0.096	AAA	222	111	000	0	0
100.26401000	+09.94802800	100.264010	+09.948028	06410336+0956529	13.814	0.028	13.193	0.026	13.035	0.035	AAA	222	111	000	0	0
100.27092900	+09.95987400	100.270929	+09.959874	06410502+0957355	18.369		16.360	0.204	14.955	0.148	UDB	22	11	000	0	0
100.28096700	+09.97048700	100.280967	+09.970487	06410743+0958137	17.288		15.595	0.111	14.984	0.136	UBB	22	11	000	0	0
100.28116200	+09.94685900	100.281162	+09.946859	06410747+0956486	17.077		15.169	0.079	13.740	0.060	UAA	22	11	000	0	0
100.29458800	+09.96179300	100.294588	+09.961793	06411070+0957424	13.474	0.026	12.763	0.026	12.508	0.028	AAA	222	111	000	0	0
100.27286500	+09.94817700	100.272865	+09.948177	06410548+0956534	14.408	0.032	13.775	0.032	13.615	0.061	AAA	222	111	000	0	0
100.28719100	+09.94656600	100.287191	+09.946566	06410892+0956476	15.191	0.050	14.601	0.062	14.322	0.090	AAA	222	111	000	0	0
100.35683400	+09.92642300	100.356834	+09.926423	06412564+0955351	15.443	0.069	14.750	0.059	14.607	0.109	AAB	222	111	000	0	0
100.34739500	+09.92477600	100.347395	+09.924776	06412337+0955291	16.836	0.220	15.911	0.158	15.471		DCU	220	110	000	0	0
100.35100200	+09.93589600	100.351002	+09.935896	06412424+0956092	11.979	0.022	11.451	0.024	11.137	0.023	AAA	222	111	000	0	0
100.35092600	+09.92162300	100.350926	+09.921623	06412422+0955178	16.742	0.177	15.998	0.157	15.428	0.193	CCD	222	111	000	0	0
100.34105000	+09.92604900	100.341050	+09.926049	06412185+0955337	13.515	0.026	12.541	0.027	12.137	0.024	AAA	222	111	000	0	0
100.35828600	+09.93967600	100.358286	+09.939676	06412598+0956228	15.333	0.049	14.639	0.055	14.224	0.065	AAA	222	111	000	0	0
100.34817100	+09.94938700	100.348171	+09.949387	06412356+0956577	16.304	0.134	15.245	0.091	14.885	0.140	BAB	222	111	000	0	0
100.33585500	+09.94192100	100.335855	+09.941921	06412060+0956309	16.326	0.126	15.232	0.085	14.890	0.132	BAB	222	111	000	0	0
100.35800200	+09.95689000	100.358002	+09.956890	06412592+0957248	15.779	0.107	14.889	0.064	14.732	0.119	AAB	222	111	000	0	0
100.35807200	+09.95425400	100.358072	+09.954254	06412593+0957153	13.782	0.030	13.160	0.029	12.821	0.029	AAA	222	111	000	0	0
100.35899200	+09.95594300	100.358992	+09.955943	06412615+0957213	15.915	0.096	15.335	0.118	14.923	0.138	ABB	222	111	ccc	0	0
100.31014600	+09.95495800	100.310146	+09.954958	06411443+0957178	16.374	0.138	15.156	0.082	14.884	0.138	BAB	222	111	000	0	0
100.31096300	+09.95730600	100.310963	+09.957306	06411463+0957263	16.892	0.224	16.347	0.209	15.285	0.200	DDC	222	111	000	0	0
100.32949300	+09.93998500	100.329493	+09.939985	06411907+0956239	14.272	0.022	13.013	0.023	12.460	0.019	AAA	222	111	000	0	0
100.33107000	+09.94274000	100.331070	+09.942740	06411945+0956338	15.944	0.091	14.840	0.060	14.423	0.084	AAA	222	111	ccc	0	0
100.32561200	+09.95296200	100.325612	+09.952962	06411814+0957106	16.520	0.171	15.480	0.100	15.084	0.158	CAC	222	111	cc0	0	0
100.32543700	+09.94329500	100.325437	+09.943295	06411810+0956358	10.332	0.022	8.950	0.040	8.370	0.042	AAA	211	111	000	0	0
100.32087400	+09.95335100	100.320874	+09.953351	06411700+0957120	10.480	0.023	10.235	0.024	10.149	0.024	AAA	222	111	000	0	0
100.31868200	+09.96047000	100.318682	+09.960470	06411648+0957376	15.396	0.057	14.280	0.048	13.921	0.057	AAA	222	111	000	0	0
100.31928600	+09.95367600	100.319286	+09.953676	06411662+0957132	14.108	0.093	13.510	0.076	13.282	0.072	AAA	222	111	ccc	0	0
100.33317700	+09.97661200	100.333177	+09.976612	06411996+0958358	15.707	0.091	14.787	0.086	14.358	0.093	AAA	222	111	ccc	0	0
100.33323900	+09.97549800	100.333239	+09.975498	06411997+0958317	14.425		15.826	0.158	13.635		UCU	20	10	0c0	0	0
100.33451400	+09.97488500	100.334514	+09.974885	06412028+0958295	12.877	0.023	12.258	0.024	11.925	0.023	AAA	222	111	000	0	0
100.35791200	+09.96193700	100.357912	+09.961937	06412589+0957429	16.555	0.166	15.614	0.150	14.896		CBU	226	210	c00	0	0
100.35876900	+09.96275700	100.358769	+09.962757	06412610+0957459	16.799	0.187	15.891	0.145	15.323		CBU	226	210	cc0	0	0
100.34954100	+09.98622400	100.349541	+09.986224	06412388+0959104	16.107	0.105	14.466		14.872	0.125	BUB	262	202	c0c	0	0
100.34550800	+09.97444600	100.345508	+09.974446	06412292+0958280	16.474	0.154	15.479	0.098	15.136	0.165	BAC	222	111	000	0	0
100.34875700	+09.98588200	100.348757	+09.985882	06412370+0959091	15.809	0.106	14.440		14.716	0.113	AUB	262	202	c0c	0	0
100.34605500	+09.97788700	100.346055	+09.977887	06412305+0958403	15.096	0.050	14.449	0.049	13.969	0.054	AAA	222	111	000	0	0
100.33925500	+09.97654300	100.339255	+09.976543	06412142+0958355	11.770	0.022	11.248	0.024	11.138	0.021	AAA	222	111	000	0	0
100.34798200	+09.98292600	100.347982	+09.982926	06412351+0958585	15.876	0.090	15.234	0.095	14.916	0.127	AAB	222	111	000	0	0
100.34931000	+09.99099600	100.349310	+09.990996	06412383+0959275	14.435	0.037	13.779	0.033	13.390	0.037	AAA	222	111	000	0	0
100.31138800	+09.97135600	100.311388	+09.971356	06411473+0958168	16.839	0.219	15.573	0.115	15.076	0.155	DBC	222	111	000	0	0
100.29175900	+09.97989300	100.291759	+09.979893	06411002+0958476	17.148	0.264	15.283	0.093	14.625	0.106	DAA	222	111	000	0	0
100.31061300	+09.96775600	100.310613	+09.967756	06411454+0958039	17.148	0.280	15.937	0.188	15.607	0.243	DCD	222	111	000	0	0
100.30316500	+09.96350000	100.303165	+09.963500	06411275+0957486	16.551	0.163	15.870	0.154	15.448	0.242	CBD	222	111	000	0	0
100.30159000	+09.97107200	100.301590	+09.971072	06411238+0958158	16.278	0.137	14.777	0.068	13.979	0.061	BAA	222	111	000	0	0
100.31482700	+09.96293400	100.314827	+09.962934	06411555+0957465	15.730	0.075	14.955	0.075	14.569	0.101	AAA	222	111	000	0	0
100.31746500	+09.97741700	100.317465	+09.977417	06411619+0958387	16.570	0.165	15.560	0.104	15.232	0.184	CBC	222	111	000	0	0
100.33142800	+09.98291200	100.331428	+09.982912	06411954+0958584	16.332	0.145	14.874	0.059	14.276	0.072	BAA	222	111	000	0	0
100.32590500	+09.99921500	100.325905	+09.999215	06411821+0959571	17.194	0.273	15.851	0.138	15.639	0.252	DBD	222	111	000	0	0
100.32776900	+09.99939800	100.327769	+09.999398	06411866+0959578	16.987	0.258	16.187	0.192	15.685	0.261	DCD	222	111	000	0	0
100.32980300	+09.99600400	100.329803	+09.996004	06411915+0959456	15.405	0.073	14.541	0.055	14.055	0.070	AAA	222	111	000	0	0
100.31341100	+09.98531700	100.313411	+09.985317	06411521+0959071	16.598	0.177	15.820	0.139	15.391		CBU	220	110	000	0	0
100.33507500	+09.99867100	100.335075	+09.998671	06412041+0959552	14.305	0.022	13.584	0.030	13.226	0.043	AAA	222	111	000	0	0
100.31439700	+09.99423700	100.314397	+09.994237	06411545+0959392	17.699		16.184		15.031	0.158	UUC	2	1	000	0	0
100.32046200	+09.98774300	100.320462	+09.987743	06411691+0959158	13.693	0.026	13.035	0.027	12.825	0.029	AAA	222	111	000	0	0
100.34422700	+09.98861500	100.344227	+09.988615	06412261+0959190	16.731	0.193	15.744	0.134	15.237	0.166	CBC	222	111	000	0	0
100.34687600	+09.98981800	100.346876	+09.989818	06412325+0959233	14.707	0.046	14.041	0.037	13.643	0.050	AAA	222	111	000	0	0
100.33071000	+10.01334300	100.330710	+10.013343	06411937+1000480	14.425	0.043	13.576	0.027	13.181	0.034	AAA	222	111	000	0	0
100.33739600	+10.00540700	100.337396	+10.005407	06412097+1000194	15.096	0.052	14.548	0.046	14.289	0.084	AAA	222	111	000	0	0
100.33320400	+10.01174800	100.333204	+10.011748	06411996+1000422	15.579	0.082	14.591	0.056	14.113	0.069	AAA	222	111	000	0	0
100.15274500	+09.86756400	100.152745	+09.867564	06403665+0952032	12.733	0.029	11.759	0.027	11.101	0.023	AAA	222	111	000	0	0
100.15504100	+09.88618600	100.155041	+09.886186	06403720+0953102	14.061	0.032	13.018	0.027	12.385	0.027	AAA	222	111	000	0	0
100.16560500	+09.87972100	100.165605	+09.879721	06403974+0952469	16.076	0.092	14.457	0.049	13.699	0.061	AAA	222	111	000	0	0
100.16126700	+09.88712700	100.161267	+09.887127	06403870+0953136	16.267	0.104	14.874	0.067	14.235	0.078	BAA	222	111	000	0	0
100.14393200	+09.88882400	100.143932	+09.888824	06403454+0953197	15.363	0.052	13.883	0.029	13.201	0.043	AAA	222	111	000	0	0
100.18422500	+09.90231200	100.184225	+09.902312	06404421+0954083	16.580	0.175	15.952	0.155	15.467	0.220	CCD	222	111	000	0	0
100.17720100	+09.90259100	100.177201	+09.902591	06404252+0954093	15.198	0.083	14.583	0.065	14.171	0.093	AAA	222	111	000	0	0
100.17785600	+09.90145800	100.177856	+09.901458	06404268+0954052	15.665	0.083	15.096	0.073	14.635	0.109	AAB	222	111	cc0	0	0
100.17141100	+09.88236700	100.171411	+09.882367	06404113+0952565	12.533	0.026	11.774	0.024	11.250	0.019	AAA	222	111	000	0	0
100.17554700	+09.91337400	100.175547	+09.913374	06404213+0954481	15.849	0.088	14.809	0.056	14.398	0.098	AAA	222	111	000	0	0
100.18172200	+09.89704700	100.181722	+09.897047	06404361+0953493	14.222	0.036	13.485	0.029	13.075	0.042	AAA	222	111	ss0	0	0
100.18433700	+09.89427000	100.184337	+09.894270	06404424+0953393	13.786	0.033	13.103	0.036	12.855	0.038	AAA	222	111	000	0	0
100.17759500	+09.89658800	100.177595	+09.896588	06404262+0953477	13.506	0.029	12.830	0.032	12.691	0.042	AAA	222	111	sss	0	0
100.17185900	+09.90857500	100.171859	+09.908575	06404124+0954308	12.886	0.026	11.762	0.023	11.330	0.021	AAA	222	111	000	0	0
100.17051900	+09.90300300	100.170519	+09.903003	06404092+0954108	14.820	0.065	14.090	0.062	13.724	0.055	AAA	222	111	ccc	0	0
100.17233800	+09.90385000	100.172338	+09.903850	06404136+0954138	11.640	0.026	10.951	0.023	10.427	0.024	AAA	222	111	000	0	0
100.15909600	+09.90323000	100.159096	+09.903230	06403818+0954116	15.450	0.060	14.368	0.049	13.777	0.052	AAA	222	111	000	0	0
100.13618500	+09.89578800	100.136185	+09.895788	06403268+0953448	17.385		15.885	0.137	14.520	0.086	UBA	22	11	000	0	0
100.14538600	+09.90199600	100.145386	+09.901996	06403489+0954071	13.740	0.032	13.051	0.024	12.813	0.031	AAA	222	111	000	0	0
100.14107700	+09.89822400	100.141077	+09.898224	06403385+0953536	16.408		15.867	0.134	15.246	0.181	UBC	22	11	0cc	0	0
100.14356400	+09.89816200	100.143564	+09.898162	06403445+0953533	13.162	0.058	12.228	0.060	11.701	0.046	AEA	222	212	c0c	0	0
100.14278600	+09.89892600	100.142786	+09.898926	06403426+0953561	13.449	0.030	12.560	0.026	12.083	0.026	AAA	222	212	ccc	0	0
100.14425600	+09.90800100	100.144256	+09.908001	06403462+0954288	17.661		16.418	0.240	15.074	0.150	UDC	22	11	000	0	0
100.15143300	+09.90754500	100.151433	+09.907545	06403634+0954271	16.595	0.155	14.921	0.064	13.647	0.050	CAA	222	111	000	0	0
100.16837500	+09.91426200	100.168375	+09.914262	06404041+0954513	15.782	0.084	14.672	0.056	14.275	0.078	AAA	222	112	ccc	0	0
100.15192900	+09.92226100	100.151929	+09.922261	06403646+0955201	15.724	0.075	14.888	0.059	14.603	0.091	AAA	222	111	000	0	0
100.16931400	+09.91358100	100.169314	+09.913581	06404063+0954488	15.357	0.079	14.453	0.077	14.147	0.076	AAA	222	112	00c	0	0
100.15609400	+09.92257800	100.156094	+09.922578	06403746+0955212	13.532	0.027	12.811	0.024	12.655	0.029	AAA	222	111	000	0	0
100.15225400	+09.93075600	100.152254	+09.930756	06403654+0955507	15.020	0.044	14.524	0.049	14.304	0.091	AAA	222	111	000	0	0
100.15485500	+09.93137500	100.154855	+09.931375	06403716+0955529	14.611	0.047	14.116	0.052	13.830	0.054	AAA	222	111	000	0	0
100.15622200	+09.91607200	100.156222	+09.916072	06403749+0954578	10.530	0.024	10.216	0.023	10.139	0.023	AAA	222	111	000	0	0
100.15722400	+09.90654400	100.157224	+09.906544	06403773+0954235	16.955		15.825	0.141	15.174	0.175	UBC	22	11	000	0	0
100.15652000	+09.91168000	100.156520	+09.911680	06403756+0954420	16.665	0.156	15.768	0.129	15.209		CBU	220	110	cc0	0	0
100.12913500	+09.91921400	100.129135	+09.919214	06403099+0955091	16.407		15.631	0.122	14.919	0.139	UBB	22	11	000	0	0
100.13397500	+09.93096900	100.133975	+09.930969	06403215+0955514	16.411	0.127	15.624	0.114	15.668	0.269	BBD	222	111	000	0	0
100.13867300	+09.92700500	100.138673	+09.927005	06403328+0955372	13.284	0.026	12.056	0.026	11.551	0.023	AAA	222	111	000	0	0
100.14831300	+09.93576700	100.148313	+09.935767	06403559+0956087	16.768	0.163	15.653	0.122	15.281	0.205	CBC	222	111	000	0	0
100.13210100	+09.93937700	100.132101	+09.939377	06403170+0956217	16.662	0.162	15.419	0.091	14.918	0.148	CAB	222	111	000	0	0
100.14193200	+09.94250700	100.141932	+09.942507	06403406+0956330	15.209	0.047	14.457	0.043	14.143	0.073	AAA	222	111	000	0	0
100.14291900	+09.93969600	100.142919	+09.939696	06403430+0956229	15.202	0.043	14.783	0.060	14.194	0.070	AAA	222	111	000	0	0
100.12545800	+09.95474700	100.125458	+09.954747	06403010+0957170	16.521	0.147	15.349	0.102	14.878	0.123	CAB	222	111	000	0	0
100.18484800	+09.92203100	100.184848	+09.922031	06404436+0955193	13.779	0.036	12.551	0.032	12.091	0.038	AAA	222	111	000	0	0
100.18305200	+09.92135600	100.183052	+09.921356	06404393+0955168	14.249	0.039	12.941	0.030	12.469	0.040	AAA	222	111	000	0	0
100.21594600	+09.91576900	100.215946	+09.915769	06405182+0954567	16.259	0.117	14.963	0.058	14.393	0.088	BAA	222	111	000	0	0
100.20468300	+09.92027600	100.204683	+09.920276	06404912+0955129	14.135	0.035	13.309	0.032	12.927	0.039	AAA	222	111	000	0	0
100.19736100	+09.91001700	100.197361	+09.910017	06404736+0954360	16.536	0.181	15.786	0.139	15.271	0.187	CBC	222	111	c00	0	0
100.19889900	+09.90166200	100.198899	+09.901662	06404773+0954059	15.989	0.095	15.102	0.079	14.719	0.121	AAB	222	111	ccc	0	0
100.19469200	+09.90685500	100.194692	+09.906855	06404672+0954246	12.215	0.026	11.513	0.027	11.286	0.027	AAA	222	111	000	0	0
100.19559000	+09.91769400	100.195590	+09.917694	06404694+0955036	13.340	0.026	12.604	0.027	12.224	0.027	AAA	222	111	000	0	0
100.18846300	+09.92169900	100.188463	+09.921699	06404523+0955181	16.505	0.146	15.485	0.108	15.048	0.161	BAC	222	111	000	0	0
100.20043600	+09.92692300	100.200436	+09.926923	06404810+0955369	14.702	0.049	14.121	0.043	13.709	0.059	AAA	222	111	000	0	0
100.20529100	+09.91196800	100.205291	+09.911968	06404926+0954430	14.743	0.044	14.126	0.037	13.875	0.055	AAA	222	111	000	0	0
100.21080600	+09.91593000	100.210806	+09.915930	06405059+0954573	12.466	0.023	11.688	0.026	11.276	0.027	AAA	222	111	000	0	0
100.20755700	+09.91887900	100.207557	+09.918879	06404981+0955079	15.868	0.098	14.912	0.078	14.398	0.090	AAA	222	111	000	0	0
100.23076400	+09.93733700	100.230764	+09.937337	06405538+0956144	16.613	0.163	15.719	0.121	15.191	0.196	CBC	222	111	ccc	0	0
100.22714600	+09.93572000	100.227146	+09.935720	06405451+0956085	11.625	0.022	10.169	0.026	9.541	0.024	AAA	222	111	000	0	0
100.22582100	+09.93110300	100.225821	+09.931103	06405419+0955519	13.695	0.023	12.936	0.026	12.757	0.031	AAA	222	111	000	0	0
100.22605500	+09.92615900	100.226055	+09.926159	06405425+0955341	14.861	0.041	14.158	0.040	13.755	0.050	AAA	222	111	000	0	0
100.21344200	+09.92315500	100.213442	+09.923155	06405122+0955233	16.142	0.116	15.008	0.075	14.692	0.112	BAB	222	111	000	0	0
100.21192700	+09.93140800	100.211927	+09.931408	06405086+0955530	12.863	0.024	12.187	0.029	11.969	0.024	AAA	222	111	000	0	0
100.21032300	+09.92522100	100.210323	+09.925221	06405047+0955307	15.707	0.079	14.911	0.055	14.561	0.087	AAA	222	111	000	0	0
100.21748100	+09.94536700	100.217481	+09.945367	06405219+0956433	14.156	0.036	13.385	0.036	13.236	0.046	AAA	222	111	000	0	0
100.21836400	+09.94349700	100.218364	+09.943497	06405240+0956365	15.413	0.064	14.239	0.043	13.878	0.053	AAA	222	111	000	0	0
100.22028100	+09.94906400	100.220281	+09.949064	06405286+0956566	16.937	0.233	15.974	0.173	15.369	0.214	DCC	222	111	000	0	0
100.21145100	+09.94506900	100.211451	+09.945069	06405074+0956422	16.270	0.134	15.093	0.080	14.540	0.093	BAA	222	111	000	0	0
100.22580600	+09.93803900	100.225806	+09.938039	06405419+0956169	15.381	0.083	14.788	0.096	14.299	0.124	AAB	222	111	ccc	0	0
100.18470800	+09.93049000	100.184708	+09.930490	06404432+0955497	16.210	0.133	15.705	0.133	15.225	0.220	BBD	222	111	000	0	0
100.18626700	+09.93166800	100.186267	+09.931668	06404470+0955540	15.034	0.054	14.252	0.046	13.985	0.065	AAA	222	111	000	0	0
100.18039800	+09.92209400	100.180398	+09.922094	06404329+0955195	14.892	0.050	14.261	0.041	13.975	0.074	AAA	222	111	000	0	0
100.17693800	+09.92146800	100.176938	+09.921468	06404246+0955172	14.807	0.045	14.086	0.039	13.935	0.072	AAA	222	111	000	0	0
100.17916200	+09.92523600	100.179162	+09.925236	06404299+0955308	16.423	0.142	15.687	0.126	15.521	0.226	BBD	222	111	000	0	0
100.18511800	+09.92772300	100.185118	+09.927723	06404442+0955398	14.817	0.046	14.259	0.032	13.998	0.057	AAA	222	111	000	0	0
100.17432600	+09.92584800	100.174326	+09.925848	06404183+0955330	14.027	0.035	12.447	0.029	11.740	0.031	AAA	222	111	000	0	0
100.17154900	+09.93257300	100.171549	+09.932573	06404117+0955572	16.844	0.192	15.558	0.114	14.962	0.133	CBB	222	111	pp0	0	0
100.17377200	+09.93113700	100.173772	+09.931137	06404170+0955520	16.270	0.124	15.042	0.079	14.805	0.138	BAB	222	111	000	0	0
100.17317600	+09.92150400	100.173176	+09.921504	06404156+0955174	13.349	0.030	12.878	0.032	12.758	0.031	AAA	222	111	000	0	0
100.16547200	+09.93206500	100.165472	+09.932065	06403971+0955554	16.910	0.200	15.895	0.159	14.798	0.124	DCB	222	111	000	0	0
100.16006400	+09.93451600	100.160064	+09.934516	06403841+0956042	16.966	0.226	15.914	0.144	15.268		DBU	220	110	000	0	0
100.17825700	+09.94051600	100.178257	+09.940516	06404278+0956258	16.448	0.160	15.539	0.102	14.996	0.174	CAC	222	111	000	0	0
100.17555300	+09.95002900	100.175553	+09.950029	06404213+0957001	15.705	0.098	15.007	0.076	14.698	0.132	AAB	222	111	000	0	0
100.17139200	+09.94804200	100.171392	+09.948042	06404113+0956529	15.744	0.070	15.300	0.077	15.063	0.145	AAC	222	111	000	0	0
100.17209200	+09.95210000	100.172092	+09.952100	06404130+0957075	15.532	0.075	14.747	0.059	14.299	0.074	AAA	222	111	000	0	0
100.18688000	+09.96229300	100.186880	+09.962293	06404485+0957442	12.262	0.026	11.566	0.026	11.423	0.031	AAA	222	111	000	0	0
100.18670200	+09.94662100	100.186702	+09.946621	06404480+0956478	16.166	0.125	15.460	0.105	15.114	0.159	BAC	222	111	000	0	0
100.18253700	+09.95831400	100.182537	+09.958314	06404380+0957299	15.404	0.061	14.676	0.066	14.538	0.099	AAA	222	111	000	0	0
100.19538000	+09.96554700	100.195380	+09.965547	06404689+0957559	15.839	0.097	15.175	0.090	15.175	0.167	AAC	222	111	00s	0	0
100.19642400	+09.96186400	100.196424	+09.961864	06404714+0957427	12.923	0.023	11.917	0.027	11.531	0.028	AAA	222	111	000	0	0
100.19509100	+09.95154200	100.195091	+09.951542	06404682+0957055	14.867	0.045	14.351	0.049	14.086	0.068	AAA	222	111	000	0	0
100.20505100	+09.96076800	100.205051	+09.960768	06404921+0957387	13.574	0.032	12.738	0.035	12.369	0.035	AAA	222	111	000	0	0
100.20434300	+09.96252100	100.204343	+09.962521	06404904+0957450	13.064	0.040	12.008	0.039	11.615	0.043	AAA	222	111	000	0	0
100.19953600	+09.94687000	100.199536	+09.946870	06404788+0956487	15.919	0.097	15.145	0.067	14.722	0.127	AAB	222	111	000	0	0
100.19867800	+09.95506400	100.198678	+09.955064	06404768+0957182	14.970	0.066	14.259	0.050	14.132	0.072	AAA	222	111	000	0	0
100.20679000	+09.94810200	100.206790	+09.948102	06404962+0956531	13.486	0.028	12.981	0.029	12.819	0.027	AAA	222	111	000	0	0
100.20891800	+09.95110700	100.208918	+09.951107	06405014+0957039	13.823	0.032	13.077	0.032	12.843	0.045	AAA	222	111	000	0	0
100.21109500	+09.95275500	100.211095	+09.952755	06405066+0957099	15.538	0.069	14.999	0.065	14.698	0.109	AAB	222	111	000	0	0
100.19480400	+09.94760000	100.194804	+09.947600	06404675+0956513	15.729	0.087	14.856	0.067	14.658	0.119	AAB	222	111	000	0	0
100.19690200	+09.96642800	100.196902	+09.966428	06404725+0957591	16.408	0.144	15.698	0.111	15.714	0.271	BBD	222	111	sss	0	0
100.23781400	+09.94516800	100.237814	+09.945168	06405707+0956426	14.723	0.040	14.113	0.040	13.806	0.066	AAA	222	111	000	0	0
100.24511500	+09.96715600	100.245115	+09.967156	06405882+0958017	16.569	0.177	15.674	0.123	15.271	0.172	CBC	222	111	sss	0	0
100.24745300	+09.95990100	100.247453	+09.959901	06405938+0957356	14.746	0.059	14.046	0.039	13.780	0.052	AAA	222	111	000	0	0
100.23974600	+09.93795400	100.239746	+09.937954	06405753+0956166	15.726	0.080	15.070	0.062	14.980	0.164	AAC	222	111	000	0	0
100.23981300	+09.95108400	100.239813	+09.951084	06405755+0957039	16.108	0.096	15.256	0.098	14.973	0.149	AAB	222	111	000	0	0
100.24062000	+09.97119800	100.240620	+09.971198	06405774+0958163	15.438	0.058	14.440	0.048	13.969	0.062	AAA	222	112	ccc	0	0
100.24503900	+09.94821200	100.245039	+09.948212	06405880+0956535	14.800	0.037	14.167	0.043	13.703	0.061	AAA	222	111	000	0	0
100.24791600	+09.96140100	100.247916	+09.961401	06405949+0957410	14.876	0.039	13.890	0.064	13.478	0.058	AAA	222	111	000	0	0
100.24096400	+09.94164000	100.240964	+09.941640	06405783+0956299	11.978	0.023	11.457	0.024	11.320	0.028	AAA	222	111	000	0	0
100.23993100	+09.97019300	100.239931	+09.970193	06405758+0958126	14.059	0.037	13.296	0.044	12.823	0.046	AAA	222	112	00c	0	0
100.23258800	+09.95773100	100.232588	+09.957731	06405582+0957278	15.220	0.058	14.502	0.040	14.250	0.089	AAA	222	111	000	0	0
100.23220400	+09.95213100	100.232204	+09.952131	06405572+0957076	14.749	0.039	14.052	0.043	13.809	0.046	AAA	222	111	000	0	0
100.22877200	+09.95255900	100.228772	+09.952559	06405490+0957092	15.011	0.053	14.352	0.052	14.006	0.067	AAA	222	111	000	0	0
100.23499600	+09.95232300	100.234996	+09.952323	06405639+0957083	16.512	0.146	15.516	0.113	15.118	0.148	BBC	222	111	000	0	0
100.25571000	+09.95222800	100.255710	+09.952228	06410137+0957080	16.546	0.147	15.874	0.170	15.211	0.175	CCC	222	111	000	0	0
100.24652300	+09.96961200	100.246523	+09.969612	06405916+0958106	16.525	0.148	15.430	0.104	14.732	0.121	CAB	222	111	000	0	0
100.25132800	+09.96295900	100.251328	+09.962959	06410031+0957466	16.989	0.207	16.095	0.180	15.453	0.203	DCD	222	111	000	0	0
100.26640300	+09.96929400	100.266403	+09.969294	06410393+0958094	12.990	0.023	12.314	0.027	12.064	0.030	AAA	222	111	000	0	0
100.26366700	+09.96527200	100.263667	+09.965272	06410328+0957549	13.053	0.024	12.377	0.024	12.239	0.025	AAA	222	111	00s	0	0
100.25703200	+09.98441100	100.257032	+09.984411	06410168+0959038	15.004	0.052	14.375	0.045	14.254	0.096	AAA	222	111	000	0	0
100.25690200	+09.98047500	100.256902	+09.980475	06410165+0958497	17.042	0.231	16.236	0.191	15.548	0.232	DCD	222	111	000	0	0
100.25923100	+09.97334800	100.259231	+09.973348	06410221+0958240	15.839	0.079	14.587	0.051	13.989	0.058	AAA	222	111	000	0	0
100.25783800	+09.97364200	100.257838	+09.973642	06410188+0958251	16.549	0.160	15.477	0.101	14.717	0.131	CAB	222	111	cc0	0	0
100.26072200	+09.95741700	100.260722	+09.957417	06410257+0957267	16.666		14.336	0.043	13.031	0.033	UAA	22	11	000	0	0
100.27130000	+09.97948000	100.271300	+09.979480	06410511+0958461	16.012	0.085	15.187	0.079	14.731	0.119	AAB	222	111	000	0	0
100.25105500	+09.98045600	100.251055	+09.980456	06410025+0958496	11.846	0.023	11.361	0.024	11.198	0.027	AAA	222	111	000	0	0
100.21508100	+09.97199100	100.215081	+09.971991	06405161+0958191	15.895	0.100	14.900	0.079	14.738	0.118	AAB	222	111	000	0	0
100.21577500	+09.97336600	100.215775	+09.973366	06405178+0958241	16.436	0.152	15.401	0.114	14.936	0.177	BBC	222	111	000	0	0
100.22363300	+09.96668100	100.223633	+09.966681	06405367+0958000	13.814	0.032	13.078	0.032	12.860	0.037	AAA	222	212	csc	0	0
100.20551100	+09.98094900	100.205511	+09.980949	06404932+0958514	15.241	0.064	14.486	0.056	14.270	0.089	AAA	222	111	000	0	0
100.20923500	+09.97547100	100.209235	+09.975471	06405021+0958316	15.626	0.068	15.232	0.076	14.839	0.110	AAB	222	111	000	0	0
100.22254700	+09.96714200	100.222547	+09.967142	06405341+0958017	15.552	0.072	15.007	0.072	14.673	0.111	AAB	222	212	ccc	0	0
100.24770500	+09.99596500	100.247705	+09.995965	06405944+0959454	12.781	0.026	12.093	0.026	11.685	0.024	AAA	222	111	000	0	0
100.23943500	+09.98692900	100.239435	+09.986929	06405746+0959129	16.865	0.190	15.713	0.133	15.461	0.195	CBD	222	111	000	0	0
100.23948300	+09.99855100	100.239483	+09.998551	06405747+0959547	17.423		16.392	0.227	14.993	0.146	UDB	22	11	000	0	0
100.24225500	+09.98330400	100.242255	+09.983304	06405814+0958598	17.046	0.228	15.850	0.142	15.009	0.136	DBB	222	111	000	0	0
100.23631900	+09.97588700	100.236319	+09.975887	06405671+0958331	15.556	0.058	14.880	0.064	14.624	0.109	AAB	222	111	000	0	0
100.22573600	+09.98828700	100.225736	+09.988287	06405417+0959178	14.483	0.035	13.738	0.027	13.351	0.058	AAA	222	111	000	0	0
100.22749300	+09.98296400	100.227493	+09.982964	06405459+0958586	15.320	0.061	14.060	0.041	13.646	0.067	AAA	222	111	000	0	0
100.23292800	+09.98119000	100.232928	+09.981190	06405590+0958522	16.483	0.158	15.247	0.078	15.112	0.151	CAC	222	111	000	0	0
100.16119900	+09.95415200	100.161199	+09.954152	06403868+0957149	15.830	0.080	15.306	0.092	15.211	0.179	AAC	222	111	ccc	0	0
100.15534200	+09.96057500	100.155342	+09.960575	06403728+0957380	14.610	0.044	13.981	0.049	13.740	0.052	AAA	222	111	ccc	0	0
100.13943200	+09.95073000	100.139432	+09.950730	06403346+0957026	14.692	0.044	14.083	0.043	13.814	0.050	AAA	222	111	000	0	0
100.13415300	+09.95613000	100.134153	+09.956130	06403219+0957220	14.751	0.038	14.033	0.043	13.757	0.054	AAA	222	111	000	0	0
100.15701800	+09.96361100	100.157018	+09.963611	06403768+0957489	13.710	0.108	13.249	0.114	13.002	0.086	ABA	222	112	ccc	0	0
100.14975800	+09.96140900	100.149758	+09.961409	06403594+0957410	16.564	0.161	15.531	0.108	15.474	0.227	CAD	222	111	ccc	0	0
100.14792500	+09.94347300	100.147925	+09.943473	06403550+0956365	14.866	0.038	14.326	0.051	13.842	0.054	AAA	222	111	000	0	0
100.16009500	+09.96263800	100.160095	+09.962638	06403842+0957454	7.858	0.024	7.403	0.034	7.331	0.021	AAA	111	111	000	0	0
100.16895600	+09.95090100	100.168956	+09.950901	06404054+0957032	14.580	0.056	14.085	0.066	13.643	0.071	EEA	222	111	000	0	0
100.15789000	+09.96429400	100.157890	+09.964294	06403789+0957514	14.719	0.589	14.377	0.636	13.998	0.273	DDD	222	212	ccc	0	0
100.16765000	+09.94903700	100.167650	+09.949037	06404023+0956565	16.499	0.149	15.910	0.158	14.953		BCU	220	110	000	0	0
100.13961000	+09.95392400	100.139610	+09.953924	06403350+0957141	15.117	0.052	14.607	0.052	14.210	0.075	AAA	222	111	000	0	0
100.14483700	+09.96174000	100.144837	+09.961740	06403476+0957422	13.603	0.027	13.049	0.027	12.923	0.037	AAA	222	111	000	0	0
100.17891800	+09.96564400	100.178918	+09.965644	06404294+0957563	14.468	0.040	13.794	0.033	13.588	0.053	AAA	222	111	s0s	0	0
100.16424800	+09.97149600	100.164248	+09.971496	06403941+0958173	16.730	0.173	15.904	0.146	15.379	0.193	CBC	222	111	ccc	0	0
100.17695700	+09.98363800	100.176957	+09.983638	06404246+0959010	16.611	0.192	15.780	0.136	15.291		CBU	220	110	000	0	0
100.17882800	+09.96156600	100.178828	+09.961566	06404291+0957416	17.027	0.247	15.867	0.152	15.279	0.190	DBC	222	111	000	0	0
100.15919300	+09.96914900	100.159193	+09.969149	06403820+0958089	16.331	0.150	15.329	0.093	15.213	0.168	BAC	222	111	ccc	0	0
100.17818400	+09.98200500	100.178184	+09.982005	06404276+0958552	15.686	0.086	15.372	0.089	14.829		AAU	220	110	000	0	0
100.16947100	+09.97090600	100.169471	+09.970906	06404067+0958152	16.603	0.151	15.539	0.112	15.296	0.195	CBC	222	111	c00	0	0
100.18510200	+09.96790100	100.185102	+09.967901	06404442+0958044	16.638	0.177	15.824	0.127	15.231	0.196	CBC	222	111	0s0	0	0
100.17067600	+09.97467000	100.170676	+09.974670	06404096+0958288	15.866	0.073	15.234	0.082	14.852	0.132	AAB	222	111	000	0	0
100.17191000	+09.96872000	100.171910	+09.968720	06404125+0958073	16.840	0.197	15.957	0.168	15.512		CCU	220	110	c00	0	0
100.15588400	+09.97635300	100.155884	+09.976353	06403741+0958348	16.330	0.120	15.709	0.124	15.547	0.243	BBD	222	111	000	0	0
100.18155900	+09.97215300	100.181559	+09.972153	06404357+0958197	14.696	0.044	13.896	0.040	13.569	0.051	AAA	222	111	000	0	0
100.18933300	+09.96778500	100.189333	+09.967785	06404543+0958040	15.955	0.111	15.272	0.091	14.815	0.149	BAB	222	111	ss0	0	0
100.19051000	+09.97469400	100.190510	+09.974694	06404572+0958288	14.160	0.037	13.558	0.037	13.415	0.051	AAA	222	111	000	0	0
100.13885800	+09.98137700	100.138858	+09.981377	06403332+0958529	13.616	0.027	12.888	0.026	12.706	0.030	AAA	222	111	000	0	0
100.12656400	+09.96033100	100.126564	+09.960331	06403037+0957371	16.256	0.112	15.604	0.115	15.105	0.162	BBC	222	111	000	0	0
100.12832500	+09.96653600	100.128325	+09.966536	06403079+0957595	15.777	0.069	15.105	0.078	15.015	0.129	AAB	222	111	000	0	0
100.13536700	+09.96178800	100.135367	+09.961788	06403248+0957424	15.630	0.066	15.079	0.074	14.683	0.131	AAB	222	111	000	0	0
100.13464800	+09.96958000	100.134648	+09.969580	06403231+0958104	16.094	0.100	15.279	0.105	14.838	0.137	AAB	222	111	000	0	0
100.13312600	+09.97286900	100.133126	+09.972869	06403195+0958223	14.547	0.033	14.125	0.039	14.090	0.069	AAA	222	111	000	0	0
100.15209000	+09.97380000	100.152090	+09.973800	06403650+0958256	16.566	0.150	16.101	0.206	15.363	0.206	CCC	222	111	000	0	0
100.16367900	+09.98943800	100.163679	+09.989438	06403928+0959219	13.316	0.027	12.857	0.023	12.600	0.024	AAA	222	111	000	0	0
100.16167600	+09.98673500	100.161676	+09.986735	06403880+0959122	16.706	0.176	15.742	0.131	15.018		CBU	220	110	0c0	0	0
100.13584100	+09.98791600	100.135841	+09.987916	06403260+0959164	16.386	0.122	16.061	0.173	15.406		BCU	220	110	000	0	0
100.14467100	+09.98322100	100.144671	+09.983221	06403472+0958595	16.266	0.105	15.480	0.116	15.046	0.159	BBC	222	111	000	0	0
100.14468400	+09.99630700	100.144684	+09.996307	06403472+0959467	14.289	0.027	13.711	0.035	13.388	0.046	AAA	222	111	000	0	0
100.14573600	+09.99316500	100.145736	+09.993165	06403497+0959353	16.597	0.150	15.928	0.163	15.937		CCU	220	110	000	0	0
100.14210200	+09.98784900	100.142102	+09.987849	06403410+0959162	15.738	0.081	15.117	0.072	15.142	0.173	AAC	222	111	000	0	0
100.14319200	+09.99500700	100.143192	+09.995007	06403436+0959420	16.208	0.100	15.666	0.130	14.791		BBU	220	110	cc0	0	0
100.15378500	+10.00497800	100.153785	+10.004978	06403690+1000179	16.148	0.101	15.478	0.101	15.365	0.188	BAC	222	111	000	0	0
100.17859900	+09.99144900	100.178599	+09.991449	06404286+0959292	16.231	0.132	15.739	0.141	15.738		BBU	220	110	000	0	0
100.18673700	+09.98725100	100.186737	+09.987251	06404481+0959141	16.780	0.212	16.160	0.170	15.542	0.233	CCD	222	111	000	0	0
100.20067900	+09.98662300	100.200679	+09.986623	06404816+0959118	15.520	0.064	14.880	0.054	14.534	0.106	AAA	222	111	000	0	0
100.19172800	+09.99749900	100.191728	+09.997499	06404601+0959509	15.833	0.131	15.475	0.182	14.800	0.153	BCB	222	111	ccc	0	0
100.19113900	+09.99612400	100.191139	+09.996124	06404587+0959460	12.289	0.033	11.492	0.033	11.150	0.030	AAA	222	111	000	0	0
100.19355000	+09.99621300	100.193550	+09.996213	06404645+0959463	13.399	0.028	12.720	0.026	12.513	0.026	AAA	222	111	000	0	0
100.19039700	+09.99516300	100.190397	+09.995163	06404569+0959425	13.089		13.990	0.071	13.918	0.080	UAA	22	11	0cc	0	0
100.19450000	+09.98064700	100.194500	+09.980647	06404668+0958503	16.310	0.143	15.744	0.125	15.317	0.201	BBC	222	111	000	0	0
100.20167100	+09.99423700	100.201671	+09.994237	06404840+0959392	14.713	0.051	14.132	0.064	13.812	0.068	AAA	222	111	000	0	0
100.20285500	+09.99542600	100.202855	+09.995426	06404868+0959435	15.435		14.671		14.827	0.159	UUC	2	1	000	0	0
100.19489800	+09.99834700	100.194898	+09.998347	06404677+0959540	15.095	0.050	14.666	0.060	14.434	0.083	AAA	222	111	000	0	0
100.19481400	+09.99411600	100.194814	+09.994116	06404675+0959388	14.650	0.039	14.132	0.043	14.080	0.070	AAA	222	111	000	0	0
100.21610000	+09.99951900	100.216100	+09.999519	06405186+0959582	16.598	0.174	15.762	0.138	15.184	0.177	CBC	222	111	000	0	0
100.23412300	+10.00821200	100.234123	+10.008212	06405618+1000295	16.605	0.149	15.579	0.101	15.666		CAU	220	110	000	0	0
100.22748700	+10.00221200	100.227487	+10.002212	06405459+1000079	16.110	0.116	15.342	0.089	14.867	0.139	BAB	222	111	000	0	0
100.22671000	+10.01384200	100.226710	+10.013842	06405441+1000498	15.637	0.071	15.026	0.068	14.846	0.143	AAB	222	111	000	0	0
100.22354000	+10.01909800	100.223540	+10.019098	06405364+1001087	16.273	0.129	15.816	0.126	15.042	0.162	BBC	222	111	000	0	0
100.21923600	+10.00659700	100.219236	+10.006597	06405261+1000237	16.958	0.226	15.858	0.151	15.384	0.193	DBC	222	111	000	0	0
100.21713100	+10.01406400	100.217131	+10.014064	06405211+1000506	15.572	0.069	15.118	0.075	14.721	0.122	AAB	222	111	000	0	0
100.22636600	+10.02140000	100.226366	+10.021400	06405432+1001170	15.654	0.066	14.857	0.060	14.678	0.119	AAB	222	111	000	0	0
100.20218700	+10.01324300	100.202187	+10.013243	06404852+1000476	16.250	0.125	15.620	0.126	15.233		BBU	220	110	000	0	0
100.21398300	+10.01898300	100.213983	+10.018983	06405135+1001083	16.251	0.128	15.495	0.106	14.946	0.138	BAB	222	111	000	0	0
100.20957200	+10.01787100	100.209572	+10.017871	06405029+1001043	13.423	0.028	12.751	0.027	12.495	0.026	AAA	222	111	000	0	0
100.17009600	+10.02545600	100.170096	+10.025456	06404082+1001316	15.587	0.066	15.104	0.076	14.778	0.114	AAB	222	111	000	0	0
100.16762300	+10.00657900	100.167623	+10.006579	06404022+1000236	13.725	0.032	13.241	0.032	13.009	0.034	AAA	222	112	00c	0	0
100.16743500	+10.00779000	100.167435	+10.007790	06404018+1000280	15.073	0.049	14.558	0.043	14.403	0.088	AAA	222	112	ccc	0	0
100.17097900	+10.02729800	100.170979	+10.027298	06404103+1001382	15.679	0.070	14.866	0.068	14.633	0.101	AAA	222	111	000	0	0
100.17367900	+10.02314800	100.173679	+10.023148	06404168+1001233	15.994		15.575	0.127	15.619		UBU	20	10	000	0	0
100.17970400	+10.01006100	100.179704	+10.010061	06404312+1000362	16.961	0.230	15.964	0.198	15.950		DCU	220	110	000	0	0
100.17786100	+10.01886900	100.177861	+10.018869	06404268+1001079	16.704	0.177	15.716	0.125	15.645	0.252	CBD	222	111	000	0	0
100.17777800	+10.00722400	100.177778	+10.007224	06404266+1000260	16.329	0.129	15.638	0.113	15.142	0.163	BBC	222	111	000	0	0
100.17568700	+10.01227900	100.175687	+10.012279	06404216+1000442	15.137	0.065	14.657	0.057	14.428	0.088	AAA	222	111	000	0	0
100.17551000	+10.02408200	100.175510	+10.024082	06404212+1001266	16.350	0.138	15.801	0.131	15.312		BBU	220	110	000	0	0
100.18547500	+10.01516500	100.185475	+10.015165	06404451+1000545	15.124	0.054	14.542	0.057	14.291	0.080	AAA	222	111	000	0	0
100.19433000	+10.00964100	100.194330	+10.009641	06404663+1000347	15.745	0.084	15.311	0.098	14.948	0.160	AAC	222	111	000	0	0
100.19097600	+10.00755200	100.190976	+10.007552	06404583+1000271	14.810	0.041	14.426	0.059	14.467	0.098	AAA	222	111	000	0	0
100.18541300	+10.02795100	100.185413	+10.027951	06404449+1001406	14.770	0.086	14.333	0.066	14.113	0.086	AAA	222	111	000	0	0
100.17668100	+10.03152700	100.176681	+10.031527	06404240+1001534	13.815	0.065	12.573		12.430		AUU	266	200	c00	0	0
100.17537900	+10.02854000	100.175379	+10.028540	06404209+1001427	14.552	0.040	13.895	0.043	13.698	0.051	AAA	222	111	000	0	0
100.17616200	+10.03078300	100.176162	+10.030783	06404227+1001508	14.107	0.041	12.702		12.491		AUU	266	200	c00	0	0
100.18651300	+10.02679500	100.186513	+10.026795	06404476+1001364	14.813	0.050	14.185	0.056	13.891	0.073	AAA	222	111	000	0	0
100.19337100	+10.04511100	100.193371	+10.045111	06404640+1002423	15.187	0.062	14.617	0.051	14.167	0.063	AAA	222	111	000	0	0
100.19975300	+10.01742800	100.199753	+10.017428	06404794+1001027	15.010	0.050	14.658	0.056	14.397	0.090	AAA	222	111	000	0	0
100.19072500	+10.02818000	100.190725	+10.028180	06404577+1001414	16.330	0.125	15.769	0.121	15.107	0.149	BBC	222	111	000	0	0
100.18767700	+10.03563200	100.187677	+10.035632	06404504+1002082	15.176	0.054	14.573	0.048	14.200	0.070	AAA	222	111	000	0	0
100.19995200	+10.02290600	100.199952	+10.022906	06404798+1001224	13.918	0.029	13.349	0.032	13.127	0.043	AAA	222	111	000	0	0
100.19819900	+10.01593900	100.198199	+10.015939	06404756+1000573	14.096	0.029	13.460	0.030	13.234	0.043	AAA	222	111	000	0	0
100.19764600	+10.03579700	100.197646	+10.035797	06404743+1002088	16.335	0.131	15.539	0.116	15.328	0.198	BBC	222	111	000	0	0
100.19653500	+10.02895300	100.196535	+10.028953	06404716+1001442	15.702	0.081	15.244	0.079	14.963	0.153	AAB	222	111	000	0	0
100.21317300	+10.02886800	100.213173	+10.028868	06405116+1001439	8.909	0.023	8.971	0.027	8.930	0.021	AAA	122	111	000	0	0
100.19245500	+10.03721600	100.192455	+10.037216	06404618+1002139	16.373	0.134	16.070	0.150	15.645	0.255	BCD	222	111	000	0	0
100.20673600	+10.02056500	100.206736	+10.020565	06404961+1001140	16.902	0.229	15.962	0.151	16.439		DBU	220	110	c00	0	0
100.28294200	+09.99526700	100.282942	+09.995267	06410790+0959429	16.880	0.221	15.167	0.091	14.255	0.084	DAA	222	111	ccc	0	0
100.28026800	+09.97532300	100.280268	+09.975323	06410726+0958311	12.538	0.024	11.869	0.023	11.681	0.027	AAA	222	111	000	0	0
100.29972800	+09.99479700	100.299728	+09.994797	06411193+0959412	14.205	0.037	13.516	0.037	13.324	0.050	AAA	222	111	00d	0	0
100.28733000	+09.99121400	100.287330	+09.991214	06410895+0959283	15.951	0.113	14.637	0.133	13.981	0.140	BBB	222	111	ccc	0	0
100.28874000	+09.99407300	100.288740	+09.994073	06410929+0959386	9.294	0.023	7.623	0.034	6.951	0.018	AAA	211	111	000	0	0
100.31204700	+09.99825300	100.312047	+09.998253	06411489+0959537	15.041	0.053	14.653	0.045	14.078	0.067	AAA	222	111	000	0	0
100.30294900	+09.99573000	100.302949	+09.995730	06411270+0959446	12.246	0.026	11.067	0.024	10.623	0.026	AAA	222	111	000	0	0
100.31396000	+09.99959200	100.313960	+09.999592	06411535+0959585	16.472		15.355	0.088	14.461	0.090	UAA	22	11	000	0	0
100.29070900	+10.01230800	100.290709	+10.012308	06410977+1000443	16.221	0.104	15.188	0.082	14.720	0.127	BAB	222	111	000	0	0
100.29535300	+10.01137700	100.295353	+10.011377	06411088+1000409	11.960	0.028	11.751	0.030	11.653	0.034	AAA	222	111	000	0	0
100.29462400	+10.01026000	100.294624	+10.010260	06411070+1000369	15.151	0.084	14.402	0.063	14.030	0.073	AAA	222	112	ccc	0	0
100.30355800	+10.01784200	100.303558	+10.017842	06411285+1001042	16.149	0.139	15.108	0.072	14.632	0.103	BAA	222	111	ppp	0	0
100.31015300	+10.01745600	100.310153	+10.017456	06411443+1001028	16.694		16.003	0.171	15.044	0.143	UCB	22	11	000	0	0
100.30898600	+10.01006400	100.308986	+10.010064	06411415+1000362	15.157	0.053	13.124	0.030	12.173	0.026	AAA	222	111	000	0	0
100.29984700	+10.00691900	100.299847	+10.006919	06411196+1000249	15.426	0.068	14.909	0.069	14.486	0.101	AAA	222	111	000	0	0
100.30833800	+10.02387300	100.308338	+10.023873	06411400+1001259	16.477	0.168	15.462	0.096	14.680	0.104	CAB	222	111	000	0	0
100.29933000	+10.00084800	100.299330	+10.000848	06411183+1000030	16.668	0.171	16.048	0.167	15.554	0.238	CCD	222	111	00c	0	0
100.31615900	+10.00608900	100.316159	+10.006089	06411587+1000219	15.995	0.111	15.181	0.078	14.680	0.101	BAB	222	111	000	0	0
100.31756900	+10.01340300	100.317569	+10.013403	06411621+1000482	15.221	0.057	13.900	0.039	13.356	0.047	AAA	222	111	000	0	0
100.31980000	+10.01522300	100.319800	+10.015223	06411675+1000548	15.888	0.100	14.468	0.048	13.994	0.063	AAA	222	111	000	0	0
100.32488800	+10.01156500	100.324888	+10.011565	06411797+1000416	16.364	0.148	15.371	0.104	14.746	0.125	BAB	222	111	000	0	0
100.31273400	+10.01584500	100.312734	+10.015845	06411505+1000570	16.520	0.156	15.237	0.085	14.459	0.093	CAA	222	111	000	0	0
100.24098900	+10.01001800	100.240989	+10.010018	06405783+1000360	16.196	0.115	15.443	0.107	15.179	0.181	BAC	222	111	000	0	0
100.25638100	+10.01015900	100.256381	+10.010159	06410153+1000365	12.848	0.024	12.197	0.029	12.052	0.027	AAA	222	111	000	0	0
100.25487800	+10.01262300	100.254878	+10.012623	06410117+1000454	16.360	0.133	15.245	0.114	14.675	0.124	BBB	222	111	c00	0	0
100.26202600	+10.01448900	100.262026	+10.014489	06410288+1000521	16.750	0.172	15.634	0.118	15.149	0.173	CBC	222	111	000	0	0
100.26189900	+10.02654700	100.261899	+10.026547	06410285+1001355	16.343	0.117	15.611	0.125	15.399	0.189	BBC	222	111	000	0	0
100.26395800	+10.01329700	100.263958	+10.013297	06410334+1000478	15.386	0.062	14.712	0.052	14.272	0.081	AAA	222	111	000	0	0
100.26488800	+10.00982800	100.264888	+10.009828	06410357+1000353	13.423	0.022	12.809	0.029	12.531	0.026	AAA	222	111	000	0	0
100.27264800	+10.00795700	100.272648	+10.007957	06410543+1000286	14.045	0.024	12.710	0.029	12.124	0.023	AAA	222	111	000	0	0
100.26663700	+10.01347500	100.266637	+10.013475	06410399+1000485	16.221	0.118	15.034	0.066	14.743	0.127	BAB	222	111	000	0	0
100.26034200	+10.02127500	100.260342	+10.021275	06410248+1001165	16.336	0.125	15.336	0.098	15.059	0.147	BAC	222	111	000	0	0
100.27159800	+10.00527100	100.271598	+10.005271	06410518+1000189	13.052	0.022	12.449	0.029	12.185	0.027	AAA	222	111	000	0	0
100.26905500	+10.01185500	100.269055	+10.011855	06410457+1000426	13.971	0.024	13.353	0.023	13.090	0.029	AAA	222	111	000	0	0
100.28088800	+10.04177300	100.280888	+10.041773	06410741+1002303	15.414	0.084	14.956	0.098	14.489	0.125	AAB	222	111	000	0	0
100.28041900	+10.03858100	100.280419	+10.038581	06410730+1002188	15.202	0.051	14.718	0.055	14.348	0.083	AAA	222	111	000	0	0
100.28375600	+10.03228100	100.283756	+10.032281	06410810+1001562	14.893	0.037	13.993	0.037	13.419	0.039	AAA	222	111	000	0	0
100.27291600	+10.03765200	100.272916	+10.037652	06410549+1002155	14.478	0.037	13.605	0.039	13.200	0.039	AAA	222	111	000	0	0
100.27340200	+10.02134900	100.273402	+10.021349	06410561+1001168	15.041	0.047	13.930	0.039	13.500	0.046	AAA	222	111	000	0	0
100.27934800	+10.01458400	100.279348	+10.014584	06410704+1000525	16.154	0.109	15.640	0.109	15.233	0.177	BBC	222	111	000	0	0
100.29359700	+10.03110700	100.293597	+10.031107	06411046+1001519	11.514	0.023	10.379	0.024	9.939	0.021	AAA	222	111	000	0	0
100.28900600	+10.03543800	100.289006	+10.035438	06410936+1002075	16.361	0.130	15.334	0.093	14.914	0.130	BAB	222	111	000	0	0
100.29784900	+10.03279700	100.297849	+10.032797	06411148+1001580	15.566	0.073	14.944	0.072	14.507	0.092	AAA	222	111	000	0	0
100.28662500	+10.03696100	100.286625	+10.036961	06410879+1002130	15.690	0.076	14.975	0.067	14.572	0.101	AAA	222	111	000	0	0
100.32167200	+10.02560900	100.321672	+10.025609	06411720+1001321	14.897	0.052	14.106	0.039	13.621	0.048	AAA	222	111	000	0	0
100.31326000	+10.02678100	100.313260	+10.026781	06411518+1001364	11.674	0.023	10.465	0.024	9.883	0.026	AAA	222	111	000	0	0
100.33107400	+10.01525100	100.331074	+10.015251	06411945+1000549	15.999	0.099	15.030	0.069	14.475	0.094	AAA	222	111	ccc	0	0
100.29140500	+10.04709900	100.291405	+10.047099	06410993+1002495	14.308	0.024	13.153	0.023	12.688	0.030	AAA	222	111	000	0	0
100.29829300	+10.03987700	100.298293	+10.039877	06411159+1002235	11.984	0.026	11.392	0.026	11.277	0.024	AAA	222	111	000	0	0
100.22729600	+10.03075600	100.227296	+10.030756	06405455+1001507	10.866	0.022	9.983	0.024	9.598	0.021	AAA	222	111	000	0	0
100.23340100	+10.01833400	100.233401	+10.018334	06405601+1001060	14.785	0.036	14.031	0.035	13.748	0.051	AAA	222	111	000	0	0
100.23128800	+10.03593100	100.231288	+10.035931	06405550+1002093	16.679	0.165	15.621	0.105	15.146	0.175	CBC	222	111	000	0	0
100.23616500	+10.04436500	100.236165	+10.044365	06405667+1002397	16.475	0.181	15.748	0.162	15.295		CCU	220	110	c00	0	0
100.23757500	+10.04114800	100.237575	+10.041148	06405701+1002281	15.968	0.091	15.308	0.084	15.319	0.205	AAC	222	111	ccc	0	0
100.23733000	+10.04270100	100.237330	+10.042701	06405695+1002337	14.700	0.047	14.069	0.050	13.822	0.069	AAA	222	111	000	0	0
100.24431200	+10.03243100	100.244312	+10.032431	06405863+1001567	15.934	0.084	15.457	0.091	15.026	0.144	AAB	222	111	000	0	0
100.24912100	+10.03684200	100.249121	+10.036842	06405978+1002126	14.660	0.037	13.816	0.035	13.502	0.043	AAA	222	111	000	0	0
100.24684200	+10.02811200	100.246842	+10.028112	06405924+1001412	16.860	0.204	15.785	0.134	15.422	0.204	CBD	222	111	000	0	0
100.24326800	+10.01512900	100.243268	+10.015129	06405838+1000544	16.769	0.178	15.976	0.158	15.128	0.156	CCC	222	111	000	0	0
100.23806900	+10.03728400	100.238069	+10.037284	06405713+1002142	18.271		15.821	0.147	15.458	0.236	UBD	22	11	000	0	0
100.24158400	+10.03786500	100.241584	+10.037865	06405798+1002163	15.216	0.044	14.746	0.044	14.274	0.078	AAA	222	111	000	0	0
100.25034300	+10.02594200	100.250343	+10.025942	06410008+1001333	16.195	0.122	15.044	0.094	14.661	0.128	BAB	222	111	000	0	0
100.25253200	+10.03198400	100.252532	+10.031984	06410060+1001551	15.222	0.047	14.319	0.054	14.183	0.073	AAA	222	111	000	0	0
100.24943500	+10.05398700	100.249435	+10.053987	06405986+1003143	16.746		16.009	0.150	15.828		UCU	20	10	000	0	0
100.24471500	+10.05002900	100.244715	+10.050029	06405873+1003001	16.622	0.149	16.173	0.194	14.910		CCU	220	110	000	0	0
100.25746300	+10.05065000	100.257463	+10.050650	06410179+1003023	15.803	0.079	15.088	0.065	14.866	0.122	AAB	222	111	000	0	0
100.25155300	+10.04900100	100.251553	+10.049001	06410037+1002564	14.962	0.037	14.331	0.040	14.109	0.065	AAA	222	111	000	0	0
100.25273800	+10.03735300	100.252738	+10.037353	06410065+1002144	14.581	0.030	13.993	0.029	13.841	0.061	AAA	222	111	000	0	0
100.27309100	+10.04546000	100.273091	+10.045460	06410554+1002436	15.870	0.088	15.222	0.077	14.863	0.123	AAB	222	111	000	0	0
100.27068500	+10.05014400	100.270685	+10.050144	06410496+1003005	15.753	0.075	15.165	0.069	14.956	0.133	AAB	222	111	000	0	0
100.25870800	+10.05323400	100.258708	+10.053234	06410208+1003116	14.771	0.039	14.098	0.040	13.828	0.063	AAA	222	111	000	0	0
100.25228700	+10.05369500	100.252287	+10.053695	06410054+1003133	14.693	0.030	14.066	0.036	13.762	0.054	AAA	222	111	000	0	0
100.23043500	+10.05554000	100.230435	+10.055540	06405530+1003199	16.854	0.207	16.494	0.238	15.554	0.232	CDD	222	111	000	0	0
100.22639800	+10.05195900	100.226398	+10.051959	06405433+1003070	16.646	0.189	15.808	0.132	16.065		CBU	220	110	000	0	0
100.22152400	+10.05072200	100.221524	+10.050722	06405316+1003025	15.233	0.060	14.488	0.054	14.143	0.066	AAA	222	111	000	0	0
100.21854400	+10.05468100	100.218544	+10.054681	06405245+1003168	16.524	0.152	15.635	0.116	15.303	0.205	CBC	222	111	000	0	0
100.21409300	+10.05084400	100.214093	+10.050844	06405138+1003030	14.493	0.032	13.827	0.032	13.689	0.043	AAA	222	111	000	0	0
100.21072900	+10.03837400	100.210729	+10.038374	06405057+1002181	16.234	0.126	15.415	0.096	15.142	0.164	BAC	222	111	000	0	0
100.23484700	+10.05467300	100.234847	+10.054673	06405636+1003168	16.080	0.106	15.533	0.094	15.110	0.156	AAC	222	111	000	0	0
100.24372500	+10.05694300	100.243725	+10.056943	06405849+1003249	14.074	0.023	13.392	0.033	13.027	0.037	AAA	222	111	000	0	0
100.24226900	+10.05430400	100.242269	+10.054304	06405814+1003154	14.956	0.051	14.179	0.044	13.868	0.060	AAA	222	111	000	0	0
100.24013100	+10.05263700	100.240131	+10.052637	06405763+1003094	15.562	0.071	15.203	0.095	15.043	0.150	AAB	222	111	000	0	0
100.28198900	+10.04963400	100.281989	+10.049634	06410767+1002586	15.306	0.050	14.800	0.059	14.486	0.092	AAA	222	111	000	0	0
100.14486300	+10.00653700	100.144863	+10.006537	06403476+1000235	15.736	0.073	15.038	0.060	14.793	0.123	AAB	222	111	000	0	0
100.15877800	+10.02088900	100.158778	+10.020889	06403810+1001152	16.234	0.108	15.925	0.141	16.299		BBU	220	110	000	0	0
100.15400400	+10.01754500	100.154004	+10.017545	06403696+1001031	15.044	0.050	14.776	0.060	14.457	0.087	AAA	222	111	000	0	0
100.17543400	+10.03564600	100.175434	+10.035646	06404210+1002083	15.187	0.060	14.571	0.054	14.334	0.082	AAA	222	111	000	0	0
